Site;Treat;Block;Plot;Year;Date;Registrator;IDS;MS;IDG;X;Y;SH;NL;LL;WL;NFL;NB;NC;NAC;seedl;juvinale;comment
Skj;;1;1;2018;20.08.2018;SY;1;;;8;22;16;8;9;5;0;0;0;0;no;no;
Skj;;1;1;2018;20.08.2018;SY;2;;;6,5;20,5;7;3;4;2;0;0;0;0;yes;no;
Skj;;1;1;2018;20.08.2018;SY;3;;;6,5;21,5;4;4;4;2;0;0;0;0;yes;no;
Skj;;1;1;2018;20.08.2018;SY;4;;;9,5;21,5;10;6;6;3;0;0;0;0;no;no;
Skj;;1;1;2018;20.08.2018;SY;5;;;11,5;21;11;8;6;2;0;0;0;0;no;no;
Skj;;1;1;2018;20.08.2018;SY;6;;;14,5;25;6;5;1;1;0;0;0;0;no;no;
Skj;;1;1;2018;20.08.2018;SY;7;;;20;21;14;4;9;4;0;0;0;0;no;no;
Skj;;1;1;2018;20.08.2018;SY;8;;;20;22,5;8;4;7;2;0;0;0;0;no;no;
Skj;;1;1;2018;20.08.2018;SY;9;;;23,5;25,5;4;4;4;2;0;0;0;0;no;no;
Skj;;1;1;2018;20.08.2018;SY;10;;;24;25,5;3;4;2;1;0;0;0;0;yes;no;
Skj;;1;1;2018;20.08.2018;SY;11;;;24;24,5;4;6;3;2;0;0;0;0;no;yes;
Skj;;1;1;2018;20.08.2018;SY;12;;;26;22;78;4;12;6;0;0;2;0;no;no;
Skj;;1;1;2018;20.08.2018;SY;13;;;28,5;25;94;6;10;4;0;0;0;0;no;no;dead leaves
Skj;;1;1;2018;20.08.2018;SY;14;;;27,5;25,5;15;6;8;3;0;0;0;0;no;no;
Skj;;1;1;2018;20.08.2018;SY;15;;;27,5;25,5;18;15;8;4;0;0;0;0;no;no;
Skj;;1;1;2018;20.08.2018;SY;16;;;28,5;25;17;6;8;3;0;0;0;0;yes;no;
Skj;;1;1;2018;20.08.2018;SY;17;;;27,5;24,5;6;6;4;2;0;0;0;0;no;no;
Skj;;1;1;2018;20.08.2018;SY;18;;;29;21,5;10;4;4;2;0;0;0;0;no;no;
Skj;;1;1;2018;20.08.2018;SY;19;;;29,5;22;4;8;4;2;0;0;0;0;yes;no;
Skj;;1;1;2018;20.08.2018;SY;20;;;30;22,5;6;6;5;2;0;0;0;0;yes;no;
Skj;;1;1;2018;20.08.2018;SY;21;;;5,5;17;4;5;5;3;0;0;0;0;no;yes;
Skj;;1;1;2018;20.08.2018;SY;22;;;11,5;19,5;6;6;5;2;0;0;0;0;no;no;dead
Skj;;1;1;2018;20.08.2018;SY;23;;;11;17,5;8;3;10;5;0;0;0;0;no;no;
Skj;;1;1;2018;20.08.2018;SY;24;;;11,5;16,5;17;6;10;3;0;0;0;0;no;no;
Skj;;1;1;2018;20.08.2018;SY;25;;;12,5;17;10;6;7;3;0;0;0;0;no;no;
Skj;;1;1;2018;20.08.2018;SY;26;;;10,5;12;6;4;7;2;0;0;0;0;no;no;
Skj;;1;1;2018;20.08.2018;SY;27;;;19,5;12;70;8;15;6;0;0;2;0;no;no;
Skj;;1;1;2018;20.08.2018;SY;28;;;19,5;11,5;7;8;9;4;0;0;0;0;no;no;
Skj;;1;1;2018;20.08.2018;SY;29;;;0,5;9;86;10;10;6;0;0;4;0;no;no;dead
Skj;;1;1;2018;20.08.2018;SY;30;;;1;7,5;89;10;12;6;0;0;2;0;no;no;
Skj;;1;1;2018;20.08.2018;SY;31;;;1,5;7;18;10;11;5;0;0;0;0;no;no;
Skj;;1;1;2018;20.08.2018;SY;32;;;2,5;7,5;73;8;12;6;0;0;0;0;no;no;
Skj;;1;1;2018;20.08.2018;SY;33;;;13;3;5;8;6;4;0;0;0;0;no;no;
Skj;;1;1;2018;20.08.2018;SY;34;;;13,5;2,5;12;8;10;4;0;0;0;0;no;no;
Skj;;1;1;2018;20.08.2018;SY;35;;;14;3,5;30;3;11;6;0;0;0;0;no;no;
Skj;;1;1;2018;20.08.2018;SY;36;37;;14;1,5;6;8;7;4;0;0;0;0;no;no;
Skj;;1;1;2018;20.08.2018;SY;37;;;15;3;31;2;10;6;0;0;0;0;no;no;tip and top leaves cut
Skj;;1;1;2018;20.08.2018;SY;38;;;14;17;8;4;7;3;0;0;0;0;yes;no;
Skj;;1;1;2018;20.08.2018;SY;39;;;13;5;4;4;3;2;0;0;0;0;yes;no;
Skj;;1;2;2018;20.08.2018;SY;1;;;8,5;21;14;9;7;3;0;0;0;0;no;yes;
Skj;;1;2;2018;20.08.2018;SY;2;;;8,5;22;7;6;6;2;0;0;0;0;no;yes;
Skj;;1;3;2018;20.08.2018;SY;1;;;17,5;22,5;10;6;7;3;0;0;0;0;no;no;
Skj;;1;3;2018;20.08.2018;SY;2;;;18;21,5;40;14;10;4;0;0;0;0;no;no;
Skj;;1;3;2018;20.08.2018;SY;3;;;21;20;10;8;10;3;0;0;0;0;no;no;
Skj;;1;3;2018;20.08.2018;SY;4;5;;22,5;19,5;4;6;5;2;0;0;0;0;yes;no;
Skj;;1;3;2018;20.08.2018;SY;5;;x;22,5;20,5;18;8;9;4;0;0;0;0;no;no;
Skj;;1;3;2018;20.08.2018;SY;6;;;23,5;20,5;10;6;7;4;0;0;0;0;no;no;
Skj;;1;3;2018;20.08.2018;SY;7;;;22,5;22,5;85;8;12;6;0;0;3;0;no;no;
Skj;;1;3;2018;20.08.2018;SY;8;;x;22,5;25;90;11;8;5;0;0;3;0;no;no;
Skj;;1;3;2018;20.08.2018;SY;9;8;;22;25;7;7;4;3;0;0;0;0;no;no;
Skj;;1;3;2018;20.08.2018;SY;10;;x;24;24;8;2;10;4;0;0;0;0;no;no;
Skj;;1;3;2018;20.08.2018;SY;11;10;;24;25;5;5;5;2;0;0;0;0;yes;no;
Skj;;1;3;2018;20.08.2018;SY;12;10;;22,5;25;5;5;4;2;0;0;0;0;yes;no;
Skj;;1;3;2018;20.08.2018;SY;13;10;;26;25;5;6;5;3;0;0;0;0;yes;no;
Skj;;1;3;2018;20.08.2018;SY;14;;;23;19;6;5;7;2;0;0;0;0;no;yes;
Skj;;1;3;2018;20.08.2018;SY;15;;;23,5;16;7;4;5;2;0;0;0;0;no;yes;
Skj;;1;3;2018;20.08.2018;SY;16;;;24,5;17;6;4;3;2;0;0;0;0;no;no;
Skj;;1;3;2018;20.08.2018;SY;17;;;28;13;48;7;11;7;0;0;0;0;no;no;
Skj;;1;3;2018;20.08.2018;SY;18;;;28;12;9;7;6;3;0;0;0;0;no;no;tip broken
Skj;;1;3;2018;20.08.2018;SY;19;;;7,5;2,5;77;9;9;6;0;0;2;0;no;no;
Skj;;1;3;2018;20.08.2018;SY;20;;;8,5;3,5;76;7;11;6;0;0;0;0;no;no;
Skj;;1;3;2018;20.08.2018;SY;21;;;8;4,5;10;10;7;3;0;0;0;0;no;no;
Skj;;1;3;2018;20.08.2018;SY;22;;;9;4;6;2;3;2;0;0;0;0;no;no;
Skj;;1;3;2018;20.08.2018;SY;23;;;24,5;4;79;7;12;4;0;0;2;0;no;no;
Skj;;1;3;2018;20.08.2018;SY;24;10;;24;25;5;4;3;2;0;0;0;0;no;no;
Skj;;1;5;2018;20.08.2018;SY;1;;1;13;15,5;6;7;4;3;0;0;0;0;no;yes;
Skj;;1;5;2018;20.08.2018;SY;2;;1;13;14,5;9;6;3;3;0;0;0;0;no;yes;
Skj;;1;5;2018;20.08.2018;SY;3;;1;13;15;3;4;2;1;0;0;0;0;yes;no;
Skj;;2;2;2018;21.08.2018;KM;1;;;33,5;20;82;10;7;5;0;0;2;0;no;no;
Skj;;2;2;2018;21.08.2018;KM;2;;;34,5;19;10;6;8;2;0;0;0;0;no;no;
Skj;;2;2;2018;21.08.2018;KM;3;;;20,5;7,5;5;4;2;1;0;0;0;0;yes;no;
Skj;;2;2;2018;21.08.2018;KM;4;;;21,5;8;88;12;15;8;0;0;3;0;no;no;
Skj;;2;3;2018;21.08.2018;SY;1;;;18;20;14;10;6;3;0;0;0;0;no;no;
Skj;;2;3;2018;21.08.2018;SY;2;;;23,5;24,5;10;7;7;2;0;0;0;0;no;no;
Skj;;2;3;2018;21.08.2018;SY;3;;;22;22,5;13;12;4;2;0;0;0;0;no;no;
Skj;;2;3;2018;21.08.2018;SY;4;;;10;15,5;7;6;6;2;0;0;0;0;no;no;
Skj;;2;3;2018;21.08.2018;SY;5;6;;23,5;18;7;7;7;3;0;0;0;0;no;no;
Skj;;2;3;2018;21.08.2018;SY;6;;x;24;17,5;12;8;10;4;0;0;0;0;no;no;
Skj;;2;3;2018;21.08.2018;SY;7;8;;1;11;11;8;6;3;0;0;0;0;no;no;
Skj;;2;3;2018;21.08.2018;SY;8;;x;2,5;10;76;6;11;6;0;0;0;0;no;no;grazed
Skj;;2;3;2018;21.08.2018;SY;9;;;6,5;13,5;11;8;9;3;0;0;0;0;no;no;
Skj;;2;3;2018;21.08.2018;SY;10;;;20;8,5;7;6;3;2;0;0;0;0;no;no;
Skj;;2;3;2018;21.08.2018;SY;11;;;21;9;71;3;10;6;0;0;0;0;no;no;
Skj;;2;3;2018;21.08.2018;SY;12;;;34,5;8;11;4;4;2;0;0;0;0;no;no;
Skj;;2;3;2018;21.08.2018;SY;13;;;35;6,5;34;10;11;4;0;0;0;0;no;no;
Skj;;2;3;2018;21.08.2018;SY;14;;x;13;2;36;12;8;5;0;0;0;0;no;no;
Skj;;2;3;2018;21.08.2018;SY;15;;;14;2,5;74;10;9;5;0;0;2;0;no;no;
Skj;;2;3;2018;21.08.2018;SY;16;14;;13,5;2;9;4;5;3;0;0;0;0;no;no;
Skj;;2;3;2018;21.08.2018;SY;17;;;14,5;2;10;5;6;3;0;0;0;0;no;no;
Skj;;2;3;2018;21.08.2018;SY;18;;;22,5;2;29;8;8;3;0;0;0;0;no;no;
Skj;;2;3;2018;21.08.2018;SY;19;;;22,5;3;11;8;5;2;0;0;0;0;no;no;
Skj;;2;4;2018;21.08.2018;KM;1;;;32;22;12;8;4;2;0;0;0;0;no;no;
Skj;;2;4;2018;21.08.2018;KM;2;;;33,5;22;10;6;7;5;0;0;0;0;no;no;
Skj;;2;4;2018;21.08.2018;KM;3;;;21,5;15,5;10;4;8;4;0;0;0;0;no;no;
Skj;;2;4;2018;21.08.2018;KM;4;;;30,5;15,5;7;8;7;4;0;0;0;0;no;no;
Skj;;2;4;2018;21.08.2018;KM;5;;;23;13,5;60;8;10;5;0;0;0;0;no;no;
Skj;;2;4;2018;21.08.2018;KM;6;;;24,5;13,5;15;6;10;5;0;0;0;0;no;no;
Skj;;2;4;2018;21.08.2018;KM;7;;;20,5;14;7;6;8;4;0;0;0;0;yes;no;
Skj;;2;4;2018;21.08.2018;KM;8;;;23;14,5;5;6;3;2;0;0;0;0;yes;no;
Skj;;2;4;2018;21.08.2018;KM;9;;;27,5;13;13;6;10;4;0;0;0;0;no;no;
Skj;;2;5;2018;21.08.2018;KM;1;;;6;12,5;35;5;10;3;0;0;0;0;no;no;Grazed
Skj;;2;5;2018;21.08.2018;KM;2;;;6;13,5;11;7;6;2;0;0;0;0;yes;no;
Skj;;2;5;2018;21.08.2018;KM;3;;;3,5;8;11;7;9;3;0;0;0;0;yes;no;
Skj;;2;6;2018;21.08.2018;KM;1;;;14;24;86;12;11;7;0;0;2;0;no;no;
Skj;;2;6;2018;21.08.2018;KM;2;;;13;24,5;5;6;5;1;0;0;0;0;yes;no;
Skj;;2;6;2018;21.08.2018;KM;3;;;3;15;86;10;11;6;0;0;3;0;no;no;
Skj;;2;6;2018;21.08.2018;KM;4;;;3,5;13;15;6;10;3;0;0;0;0;no;no;
Skj;;2;6;2018;21.08.2018;KM;5;;;4;12;8;10;12;5;0;0;0;0;no;no;
Skj;;2;6;2018;21.08.2018;KM;6;;;4;14;7;4;5;3;0;0;0;0;yes;no;
Skj;;2;6;2018;21.08.2018;KM;7;;;4;9,5;11;6;7;3;0;0;0;0;no;no;
Skj;;2;6;2018;21.08.2018;KM;8;;;11;9;80;10;12;7;0;0;3;0;no;no;
Skj;;2;6;2018;21.08.2018;KM;9;;;8;5;105;12;15;9;0;0;8;0;no;no;
Skj;;2;6;2018;21.08.2018;KM;10;;;14;4,5;25;8;11;4;0;0;0;0;no;no;
Skj;;2;6;2018;21.08.2018;KM;11;;;12,5;2,5;8;6;12;5;0;0;0;0;no;no;
Skj;;3;1;2018;20.08.2018;KM;1;;;12;17;9;8;8;3;0;0;0;0;no;no;
Skj;;3;1;2018;20.08.2018;KM;2;;;29;13;77;20;10;6;0;0;2;0;no;no;
Skj;;3;1;2018;20.08.2018;KM;3;;;15;7,5;10;6;7;3;0;0;0;0;no;no;
Skj;;3;1;2018;20.08.2018;KM;4;;;32;35;64;8;10;5;0;0;0;0;no;no;grazed
Skj;;3;2;2018;20.08.2018;KM;1;;;6,5;22;8;6;6;3;0;0;0;0;no;no;
Skj;;3;2;2018;20.08.2018;KM;2;;;18,5;23,5;50;12;10;5;0;0;0;0;no;no;
Skj;;3;2;2018;20.08.2018;KM;3;;;12;13,5;20;8;10;4;0;0;0;0;no;no;
Skj;;3;2;2018;20.08.2018;KM;4;;;13;24;10;6;5;2;0;0;0;0;no;no;
Skj;;3;2;2018;20.08.2018;KM;5;;;34,5;6,5;17;6;10;4;0;0;0;0;no;no;
Skj;;3;2;2018;20.08.2018;KM;6;;;35;7,5;6;6;4;2;0;0;0;0;no;no;
Skj;;3;3;2018;20.08.2018;KM;1;;;20,5;22;11;8;8;3;0;0;0;0;no;no;
Skj;;3;3;2018;20.08.2018;KM;2;;;20;23,5;73;10;10;6;0;0;1;0;no;no;
Skj;;3;3;2018;20.08.2018;KM;3;;;24,5;15;18;8;8;4;0;0;0;0;no;no;
Skj;;3;3;2018;20.08.2018;KM;4;;;14;17,5;85;12;11;6;0;0;4;0;no;no;
Skj;;3;3;2018;20.08.2018;KM;5;;;33;15;58;8;10;5;0;0;2;0;no;no;
Skj;;3;3;2018;20.08.2018;KM;6;;;31,5;95;15;6;6;2;0;0;0;0;no;no;
Skj;;3;3;2018;20.08.2018;KM;7;;;32,5;8;14;8;7;3;0;0;0;0;no;no;
Skj;;3;3;2018;20.08.2018;KM;8;;;28;3,5;5;4;5;2;0;0;0;0;no;no;
Skj;;3;3;2018;20.08.2018;KM;9;;;29,5;4;6;6;2;3;0;0;0;0;no;no;
Skj;;3;3;2018;20.08.2018;KM;10;;;29,5;3;5;4;4;2;0;0;0;0;no;no;
Skj;;3;3;2018;20.08.2018;KM;11;;;27;3,5;10;6;9;4;0;0;0;0;no;no;
Skj;;3;3;2018;20.08.2018;KM;12;;;32;6,5;4;4;4;2;0;0;0;0;no;no;
Skj;;3;4;2018;18.08.2018;KM;1;;;8;25;8;10;8;3;0;0;0;0;no;no;
Skj;;3;4;2018;18.08.2018;KM;2;;;8,5;24,5;20;6;5;3;0;0;0;0;no;no;
Skj;;3;4;2018;18.08.2018;KM;3;;;9;24;10;6;8;4;0;0;0;0;no;no;
Skj;;3;4;2018;18.08.2018;KM;4;;;9,5;25;5;4;3;2;0;0;0;0;no;no;
Skj;;3;4;2018;18.08.2018;KM;5;;;9;24,5;5;4;5;3;0;0;0;0;no;no;
Skj;;3;4;2018;18.08.2018;KM;6;;;9,5;24;4;4;6;3;0;0;0;0;no;no;
Skj;;3;4;2018;18.08.2018;KM;7;;;9,5;23;5;6;9;4;0;0;0;0;no;no;
Skj;;3;4;2018;18.08.2018;KM;8;;;9;22,5;5;4;4;2;0;0;0;0;no;no;
Skj;;3;4;2018;18.08.2018;KM;9;;;9,5;22,5;3;4;3;1;0;0;0;0;no;no;
Skj;;3;4;2018;18.08.2018;KM;10;;;10;23;10;8;10;4;0;0;0;0;no;no;
Skj;;3;4;2018;18.08.2018;KM;11;;;8,5;21,5;11;6;8;2;0;0;0;0;no;no;
Skj;;3;4;2018;18.08.2018;KM;12;;;10;24;12;10;13;5;0;0;0;0;no;no;
Skj;;3;4;2018;18.08.2018;KM;13;;;11,5;22;7;6;5;2;0;0;0;0;no;no;
Skj;;3;4;2018;18.08.2018;KM;14;;;11;21;29;6;13;5;0;0;0;0;no;no;
Skj;;3;4;2018;18.08.2018;KM;15;;;12;21,5;16;10;11;4;0;0;0;0;no;no;
Skj;;3;4;2018;18.08.2018;KM;16;;;12;24;7;8;5;3;0;0;0;0;no;no;
Skj;;3;4;2018;18.08.2018;KM;17;;;12,5;23;11;8;5;3;0;0;0;0;no;no;
Skj;;3;4;2018;18.08.2018;KM;18;;;13;22;10;6;8;3;0;0;0;0;no;no;
Skj;;3;4;2018;18.08.2018;KM;19;;;14;24,5;9;8;9;3;0;0;0;0;no;no;
Skj;;3;4;2018;18.08.2018;KM;20;;;20,5;5;7;4;4;1;0;0;0;0;no;no;
Skj;;3;4;2018;18.08.2018;KM;21;;;21;6;15;6;6;3;0;0;0;0;no;no;
Skj;;3;4;2018;18.08.2018;KM;22;;;21;5;6;6;4;2;0;0;0;0;no;no;
Skj;;3;4;2018;18.08.2018;KM;23;;;18;1,5;16;8;10;3;0;0;0;0;no;no;
Skj;;3;4;2018;18.08.2018;KM;24;;;22;7,5;24;8;8;4;0;0;0;0;no;no;
Skj;;3;4;2018;18.08.2018;KM;25;;;22,5;3;16;6;6;2;0;0;0;0;no;no;
Skj;;3;4;2018;18.08.2018;KM;26;;;29,5;4;25;8;7;4;0;0;0;0;no;no;
Skj;;3;5;2018;19.08.2018;SY;1;;;3;24;9;5;4;2;0;0;0;0;no;yes;
Skj;;3;5;2018;19.08.2018;SY;2;;;13,5;24;54;5;13;7;0;0;0;0;no;no;
Skj;;3;5;2018;19.08.2018;SY;3;;;17;25;49;12;12;4;0;0;0;0;no;no;
Skj;;3;5;2018;19.08.2018;SY;4;;;28;22,5;18;7;7;2;0;0;0;0;no;no;
Skj;;3;5;2018;19.08.2018;SY;5;;1;31;18;20;7;6;2;0;0;0;0;no;no;
Skj;;3;5;2018;19.08.2018;SY;6;;1;32;18;20;6;7;3;0;0;0;0;no;no;
Skj;;3;5;2018;19.08.2018;SY;7;;;13,5;14,5;30;5;8;3;0;0;0;0;no;no;
Skj;;3;5;2018;19.08.2018;SY;8;;;15;14;35;9;10;3;0;0;0;0;no;no;
Skj;;3;5;2018;19.08.2018;SY;9;;;17,5;11,5;19;10;15;4;0;0;0;0;no;no;
Skj;;3;5;2018;19.08.2018;SY;10;;;10,5;8,5;16;7;7;3;0;0;0;0;no;no;
Skj;;3;5;2018;19.08.2018;SY;11;;2;28;3,5;34;12;8;5;0;0;0;0;no;no;
Skj;;3;5;2018;19.08.2018;SY;12;;2;28,5;3;11;8;6;4;0;0;0;0;no;no;
Skj;;3;5;2018;19.08.2018;SY;13;;3;31,5;4;12;8;8;4;0;0;0;0;no;no;
Skj;;3;5;2018;19.08.2018;SY;14;;3;31,5;3,5;8;6;5;2;0;0;0;0;no;yes;
Skj;;3;5;2018;19.08.2018;SY;15;;;31;1,5;3;6;2;1;0;0;0;0;yes;yes;
Skj;;3;6;2018;21.08.2018;KM/SY;1;;;2,5;25;9;6;7;3;0;0;0;0;no;no;
Skj;;3;6;2018;21.08.2018;KM/SY;2;;;4;25;9;8;8;3;0;0;0;0;no;no;
Skj;;3;6;2018;21.08.2018;KM/SY;3;;;3;21;11;10;10;4;0;0;0;0;no;no;
Skj;;3;6;2018;21.08.2018;KM/SY;4;;;4,5;19,5;7;4;4;2;0;0;0;0;no;no;
Skj;;3;6;2018;21.08.2018;KM/SY;5;;;3;7,5;10;6;8;4;0;0;0;0;no;no;
Skj;;3;6;2018;21.08.2018;KM/SY;6;;;4;7;8;6;7;3;0;0;0;0;no;no;
Skj;;3;6;2018;21.08.2018;KM/SY;7;;;9;5;82;12;13;7;0;0;0;0;no;no;
Skj;;3;6;2018;21.08.2018;KM/SY;8;;;12,5;5;22;10;7;4;0;0;0;0;no;no;
Skj;;3;6;2018;21.08.2018;KM/SY;9;;;13,5;3,5;80;6;10;7;0;0;2;0;no;no;
Skj;;3;6;2018;21.08.2018;KM/SY;10;;;10;1,5;15;10;10;4;0;0;0;0;no;no;
Skj;;3;6;2018;21.08.2018;KM/SY;11;;;15;3,5;71;8;10;3;0;0;1;0;no;no;
Skj;;3;6;2018;21.08.2018;KM/SY;12;;;16,5;6;74;8;8;2;0;0;0;0;no;no;
Skj;;3;6;2018;21.08.2018;KM/SY;13;;;18,5;2;22;10;10;4;0;0;0;0;no;no;
Skj;;3;6;2018;21.08.2018;KM/SY;14;;;24,5;7,5;9;6;4;2;0;0;0;0;no;no;
Skj;;3;6;2018;21.08.2018;KM/SY;15;;;32;10;80;10;10;5;0;0;2;0;no;no;
Skj;;4;1;2018;18.08.2018;SO/KM;1;;;28,5;11,5;11;9;11;4;0;0;0;0;no;no;
Skj;;4;1;2018;18.08.2018;SO/KM;2;;;30;11,5;24;10;17;7;0;0;0;0;no;no;
Skj;;4;2;2018;20.08.2018;KM/SO;1;;;6;22;15;8;9;4;0;0;0;0;no;no;
Skj;;4;2;2018;20.08.2018;KM/SO;2;;;32,5;21,5;15;10;11;4;0;0;0;0;no;no;
Skj;;4;2;2018;20.08.2018;KM/SO;3;;;5,5;11;15;6;10;4;0;0;0;0;no;no;
Skj;;4;2;2018;20.08.2018;KM/SO;4;;;14;7,5;12;8;8;4;0;0;0;0;no;no;
Skj;;4;2;2018;20.08.2018;KM/SO;5;;;12;9;12;6;9;5;0;0;0;0;no;no;
Skj;;4;2;2018;20.08.2018;KM/SO;6;;;10;5;2;4;2;1;0;0;0;0;no;yes;
Skj;;4;2;2018;20.08.2018;KM/SO;7;;;12;2;4;6;4;2;0;0;0;0;no;yes;
Skj;;4;3;2018;20.08.2018;SO/KM;1;;;14;22,5;5;6;4;2;0;0;0;0;no;yes;
Skj;;4;3;2018;20.08.2018;SO/KM;2;;;15;21;15;10;6;3;0;0;0;0;no;no;
Skj;;4;3;2018;20.08.2018;SO/KM;3;5;1;13,5;24;2;4;3;2;0;0;0;0;no;no;
Skj;;4;3;2018;20.08.2018;SO/KM;4;;;15;24,5;5;8;7;4;0;0;0;0;no;no;
Skj;;4;3;2018;20.08.2018;SO/KM;5;;1;13,5;24;86;12;4;4;0;0;5;0;no;no;
Skj;;4;4;2018;20.08.2018;KM;1;;;22,5;13,5;12;7;8;4;0;0;0;0;no;no;
Skj;;4;4;2018;20.08.2018;KM;2;;;23;12,5;10;6;8;3;0;0;0;0;no;no;
Skj;;4;4;2018;20.08.2018;KM;3;;;24;12;28;12;10;4;0;0;0;0;no;no;
Skj;;4;5;2018;20.08.2018;KM;1;;;23,5;4;15;12;12;4;0;0;0;0;no;no;
Skj;;5;1;2018;21.08.2018;RG;1;;;24,5;24;5;6;4;2;0;0;0;0;yes;no;
Skj;;5;1;2018;21.08.2018;RG;2;;1;30;17;4;9;6;4;0;0;0;0;no;no;coming from the same as 3 and 4
Skj;;5;1;2018;21.08.2018;RG;3;;1;31;18;;2;7;4;0;0;0;0;no;no;only two leaves but looks like it could make a new shoot
Skj;;5;1;2018;21.08.2018;RG;4;;1;31;16,5;2;4;5;3;0;0;0;0;no;no;
Skj;;5;1;2018;21.08.2018;RG;5;;;32,5;17;10;8;7;3;0;0;0;0;no;no;
Skj;;5;1;2018;21.08.2018;RG;6;;;33;17;52;21;13;6;0;0;0;0;no;no;
Skj;;5;1;2018;21.08.2018;RG;7;;;34;16,5;20;8;11;3;0;0;0;0;no;no;
Skj;;5;1;2018;21.08.2018;RG;8;;;3;11;16;7;8;4;0;0;0;0;no;no;
Skj;;5;1;2018;21.08.2018;RG;9;;;15;14;4;6;4;2;0;0;0;0;no;no;
Skj;;5;1;2018;21.08.2018;RG;10;;;20;16;19;9;12;6;0;0;0;0;no;no;
Skj;;5;1;2018;21.08.2018;RG;11;;;20,5;15,5;5;2;5;2;0;0;0;0;yes;no;
Skj;;5;1;2018;21.08.2018;RG;12;;;21;15,5;7;8;4;2;0;0;0;0;yes;no;
Skj;;5;1;2018;21.08.2018;RG;13;;;21;15;7;8;4;2;0;0;0;0;no;no;impossible to measure, in a pool of water, educated guess for numbers
Skj;;5;1;2018;21.08.2018;RG;14;;;21;13;11;7;7;4;0;0;0;0;no;no;
Skj;;5;1;2018;21.08.2018;RG;15;;;19,5;13;5;6;4;1;0;0;0;0;yes;no;
Skj;;5;1;2018;21.08.2018;RG;16;;;20,5;12,5;6;4;6;3;0;0;0;0;no;no;
Skj;;5;1;2018;21.08.2018;RG;17;;;19,5;12,5;25;8;12;5;0;0;0;0;no;no;
Skj;;5;1;2018;21.08.2018;RG;18;;;20;11,5;9;6;5;2;0;0;0;0;yes;no;
Skj;;5;1;2018;21.08.2018;RG;19;;;10;9;3;4;5;3;0;0;0;0;yes;no;
Skj;;5;1;2018;21.08.2018;RG;20;;;11;8;10;10;10;4;0;0;0;0;no;no;
Skj;;5;1;2018;21.08.2018;RG;21;;;13;8;5;4;6;3;0;0;0;0;yes;no;
Skj;;5;1;2018;21.08.2018;RG;22;;;30;8;7;6;6;2;0;0;0;0;no;yes;
Skj;;5;1;2018;21.08.2018;RG;23;;;31;8,5;9;8;6;2;0;0;0;0;no;yes;
Skj;;5;1;2018;21.08.2018;RG;24;;;32,5;9,5;6;8;5;2;0;0;0;0;no;yes;
Skj;;5;1;2018;21.08.2018;RG;25;;;0,5;2,5;9;4;7;3;0;0;0;0;no;yes;
Skj;;5;1;2018;21.08.2018;RG;26;;;5;2;8;4;5;2;0;0;0;0;no;yes;
Skj;;5;1;2018;21.08.2018;RG;27;;;7,5;5;8;6;8;3;0;0;0;0;no;no;
Skj;;5;1;2018;21.08.2018;RG;28;;2;25;2,5;26;6;9;5;0;0;0;0;no;no;grazed
Skj;;5;1;2018;21.08.2018;RG;29;28;2;26;3;3;4;6;4;0;0;0;0;no;no;
Skj;;5;1;2018;21.08.2018;RG;30;28;2;26;3;4;6;6;4;0;0;0;0;no;no;
Skj;;5;1;2018;21.08.2018;RG;31;;;31,5;3;5;6;3;1;0;0;0;0;yes;no;
Skj;;5;2;2018;21.08.2018;SY;1;;1;2,5;23,5;88;10;11;6;0;0;0;0;no;no;grazed
Skj;;5;2;2018;21.08.2018;SY;2;;;13,5;19;3;7;1;1;0;0;0;0;yes;no;
Skj;;5;2;2018;21.08.2018;SY;3;;;12;14;7;6;2;1;0;0;0;0;yes;no;
Skj;;5;2;2018;21.08.2018;SY;4;;;12;14,5;10;6;3;2;0;0;0;0;yes;no;
Skj;;5;2;2018;21.08.2018;SY;5;;;12,5;15;8;6;4;2;0;0;0;0;yes;no;
Skj;;5;2;2018;21.08.2018;SY;6;;;20;6;14;6;5;3;0;0;0;0;no;no;
Skj;;5;2;2018;21.08.2018;SY;7;;;21,5;5;36;4;10;5;0;0;0;0;no;no;
Skj;;5;2;2018;21.08.2018;SY;8;;;22,5;4,5;7;5;3;2;0;0;0;0;no;no;
Skj;;5;2;2018;21.08.2018;SY;9;;;23;3,5;12;8;12;5;0;0;0;0;no;no;
Skj;;5;2;2018;21.08.2018;SY;10;;;24;5;21;8;8;5;0;0;0;0;no;no;
Skj;;5;2;2018;21.08.2018;SY;11;;;24,5;4,5;27;9;11;4;0;0;0;0;yes;no;
Skj;;5;2;2018;21.08.2018;SY;12;;;24,5;3;2;4;1;1;0;0;0;0;yes;no;
Skj;;5;2;2018;21.08.2018;SY;13;;;25;2,5;2;5;1;1;0;0;0;0;yes;no;
Skj;;5;2;2018;21.08.2018;SY;14;;;29;4,5;100;6;14;8;0;0;0;0;no;no;grazed
Skj;;5;2;2018;21.08.2018;SY;15;1;1;2,5;23,5;15;6;5;3;0;0;0;0;no;no;
Skj;;5;3;2018;22.08.2018;KM;1;;;34;22;10;8;8;3;0;0;0;0;no;no;
Skj;;5;3;2018;22.08.2018;KM;2;;;33;22;6;4;4;2;0;0;0;0;no;no;
Skj;;5;3;2018;22.08.2018;KM;3;;;27;5,5;8;6;5;2;0;0;0;0;no;no;
Skj;;5;4;2018;22.08.2018;SLO;1;;;4,5;21;3;6;1;1;0;0;0;0;yes;no;very small, is it VA?
Skj;;5;4;2018;22.08.2018;SLO;2;;;9,5;24,5;5;8;9;3;0;0;0;0;no;no;
Skj;;5;4;2018;22.08.2018;SLO;3;;;10;24,5;5;8;5;3;0;0;0;0;no;no;
Skj;;5;4;2018;22.08.2018;SLO;4;;;11;24,5;3;6;4;2;0;0;0;0;no;no;
Skj;;5;4;2018;22.08.2018;SLO;5;;;12;24,5;4;8;6;3;0;0;0;0;no;no;
Skj;;5;4;2018;22.08.2018;SLO;6;;;15;24;4;4;2;1;0;0;0;0;yes;no;very small, is it VA?
Skj;;5;4;2018;22.08.2018;SLO;7;;;26,5;25;3;6;2;1;0;0;0;0;yes;no;very small, is it VA?
Skj;;5;4;2018;22.08.2018;SLO;8;;;26,5;22;3;4;4;3;0;0;0;0;no;no;
Skj;;5;4;2018;22.08.2018;SLO;9;;;26;21;14;10;10;4;0;0;0;0;no;no;
Skj;;5;4;2018;22.08.2018;SLO;10;;;31;24;81;18;10;7;0;0;4;0;no;no;
Skj;;5;4;2018;22.08.2018;SLO;11;;;31,5;23,5;5;8;4;3;0;0;0;0;no;no;
Skj;;5;4;2018;22.08.2018;SLO;12;;;32;24;4;8;9;4;0;0;0;0;no;no;
Skj;;5;4;2018;22.08.2018;SLO;13;;;33;25;7;6;5;3;0;0;0;0;no;no;
Skj;;5;4;2018;22.08.2018;SLO;14;;;11;16,5;3;4;2;1;0;0;0;0;yes;no;very small, is it VA?
Skj;;5;4;2018;22.08.2018;SLO;15;;;11,5;16;2;4;2;1;0;0;0;0;yes;no;very small, is it VA?
Skj;;5;4;2018;22.08.2018;SLO;16;;;13;16,5;4;4;2;1;0;0;0;0;yes;no;very small, is it VA?
Skj;;5;4;2018;22.08.2018;SLO;17;;;21;18;12;8;10;3;0;0;0;0;no;no;
Skj;;5;4;2018;22.08.2018;SLO;18;;;30;15,5;2;4;2;1;0;0;0;0;no;no;
Skj;;5;4;2018;22.08.2018;SLO;19;;;30;15;3;4;3;2;0;0;0;0;no;no;
Skj;;5;4;2018;22.08.2018;SLO;20;;;30,5;15;3;6;4;3;0;0;0;0;no;no;
Skj;;5;4;2018;22.08.2018;SLO;21;;;31;15,5;9;8;11;5;0;0;0;0;no;no;
Skj;;5;4;2018;22.08.2018;SLO;22;;;30;14;3;4;2;2;0;0;0;0;no;no;
Skj;;5;4;2018;22.08.2018;SLO;23;;;30,5;14,5;4;2;1;1;0;0;0;0;no;no;
Skj;;5;4;2018;22.08.2018;SLO;24;;;31;19;9;12;7;3;0;0;0;0;no;no;
Skj;;5;4;2018;22.08.2018;SLO;25;;;9;14,5;71;6;9;4;0;0;1;0;no;no;
Skj;;5;4;2018;22.08.2018;SLO;26;;;14;14;11;8;4;2;0;0;0;0;no;no;
Skj;;5;4;2018;22.08.2018;SLO;27;;;18,5;14;5;4;1;1;0;0;0;0;yes;no;very small, is it VA?
Skj;;5;4;2018;22.08.2018;SLO;28;;;19;14,5;7;6;4;2;0;0;0;0;no;no;
Skj;;5;4;2018;22.08.2018;SLO;29;;;27;12;4;6;3;2;0;0;0;0;no;no;
Skj;;5;4;2018;22.08.2018;SLO;30;;;28,5;12,5;5;4;2;1;0;0;0;0;no;no;
Skj;;5;4;2018;22.08.2018;SLO;31;;;30,5;11;102;12;10;6;0;0;4;0;no;no;
Skj;;5;4;2018;22.08.2018;SLO;32;;;30,5;12;5;6;5;3;0;0;0;0;no;no;
Skj;;5;4;2018;22.08.2018;SLO;33;;;11;9,5;4;6;2;1;0;0;0;0;yes;no;very small, is it VA?
Skj;;5;4;2018;22.08.2018;SLO;34;;;12,5;9;2;4;2;1;0;0;0;0;yes;no;very small, is it VA?
Skj;;5;4;2018;22.08.2018;SLO;35;;;13,5;6,5;3;4;2;1;0;0;0;0;yes;no;very small, is it VA?
Skj;;5;4;2018;22.08.2018;SLO;36;;;20,5;9,5;4;4;3;2;0;0;0;0;no;no;
Skj;;5;4;2018;22.08.2018;SLO;37;;;8;1,5;3;4;4;2;0;0;0;0;no;no;
Skj;;5;4;2018;22.08.2018;SLO;38;;;8,5;1,5;4;6;4;2;0;0;0;0;no;no;
Skj;;5;4;2018;22.08.2018;SLO;39;;;10;3;3;6;1;1;0;0;0;0;no;no;
Skj;;5;4;2018;22.08.2018;SLO;40;;;26;3,5;3;4;2;1;0;0;0;0;no;no;
Skj;;5;4;2018;22.08.2018;SLO;41;;;27,5;3,5;34;8;9;6;0;0;0;0;no;no;top eaten
Skj;;5;4;2018;22.08.2018;SLO;42;;;27,5;4,5;9;8;6;3;0;0;0;0;no;no;
Skj;;5;4;2018;22.08.2018;SLO;43;;;31;5;3;4;3;2;0;0;0;0;no;no;
Skj;;5;4;2018;22.08.2018;SLO;44;;;31,5;5;6;8;4;2;0;0;0;0;no;no;
Skj;;5;4;2018;22.08.2018;SLO;45;;;9,5;25;4;4;4;3;0;0;0;0;no;no;
Skj;;5;4;2018;22.08.2018;SLO;46;;;26,5;25;5;2;1;1;0;0;0;0;yes;no;very small, is it VA?
Skj;;5;4;2018;22.08.2018;SLO;25B;;;11;13;3;6;1;1;0;0;0;0;yes;no;there are two 25 and two wet to make new toothpick..
Skj;;5;5;2018;22.08.2018;KM;1;;;6;2;17;4;4;5;0;0;0;0;no;no;
Skj;;5;6;2018;20.08.2018;KM;1;;;24;24,5;103;12;5;2;0;0;6;0;no;no;
Skj;;5;6;2018;20.08.2018;KM;2;;;28;21,5;2;4;5;2;0;0;0;0;yes;no;
Skj;;5;6;2018;20.08.2018;KM;3;;;29,5;21,5;47;6;15;7;0;0;0;0;no;no;
Skj;;5;6;2018;20.08.2018;KM;4;;;31;24;3;6;4;2;0;0;0;0;yes;no;
Skj;;5;6;2018;20.08.2018;KM;5;;;30,5;15;2;6;4;2;0;0;0;0;yes;no;
Skj;;5;6;2018;20.08.2018;KM;6;;;12;12;56;8;12;4;0;0;1;0;no;no;
Skj;;5;6;2018;20.08.2018;KM;7;;;12,5;11,5;8;8;7;4;0;0;0;0;no;no;
Skj;;5;6;2018;20.08.2018;KM;8;;;20,5;8;3;4;1;1;0;0;0;0;yes;no;
Skj;;5;6;2018;20.08.2018;KM;9;;;28,5;6,5;4;6;5;3;0;0;0;0;no;no;
Skj;;5;6;2018;20.08.2018;KM;10;;;29;5;30;14;8;7;0;0;1;0;no;no;
Skj;;5;6;2018;20.08.2018;KM;11;;;16;3;3;6;3;1;0;0;0;0;yes;no;
Skj;;5;6;2018;20.08.2018;KM;12;;;34;3,5;38;4;12;6;0;0;0;0;no;no;
Skj;;5;6;2018;20.08.2018;KM;13;;;34,5;3;3;4;3;2;0;0;0;0;yes;no;
Skj;;6;1;2018;21.08.2018;KM;1;;;12;23;95;8;10;8;0;0;3;0;no;no;
Skj;;6;3;2018;21.08.2018;;1;;;26,5;5;60;10;12;6;0;0;0;0;no;no;
Skj;;6;4;2018;21.08.2018;SY;1;;;26;11,5;82;10;12;5;0;0;0;0;no;no;
Skj;;6;4;2018;21.08.2018;SY;2;;;24;2,5;11;4;9;3;0;0;0;0;no;no;
Skj;;6;4;2018;21.08.2018;SY;3;;;25,5;3,5;29;10;10;3;0;0;0;0;no;no;
Skj;;6;4;2018;21.08.2018;SY;4;;;24;3,5;12;4;6;2;0;0;0;0;no;no;
Skj;;6;5;2018;21.08.2018;SY;1;;;14,5;22;13;6;5;4;0;0;0;0;no;no;
Skj;;6;5;2018;21.08.2018;SY;2;;;16;20,5;11;8;6;4;0;0;0;0;no;no;
Skj;;6;5;2018;21.08.2018;SY;3;;;15;23,5;3;6;3;2;0;0;0;0;yes;no;
Skj;;6;5;2018;21.08.2018;SY;4;;;16;22,5;14;5;7;4;0;0;0;0;no;no;
Skj;;6;5;2018;21.08.2018;SY;5;;;21;23;70;11;8;5;0;0;0;0;no;no;
Skj;;6;5;2018;21.08.2018;SY;6;;;18,5;14;6;5;4;2;0;0;0;0;no;yes;
Skj;;6;5;2018;21.08.2018;SY;7;;;17,5;15;6;6;4;3;0;0;0;0;no;yes;
Skj;;7;1;2018;21.08.2018;SO;1;;;25;24;3;8;6;3;0;0;0;0;no;no;
Skj;;7;1;2018;21.08.2018;SO;2;;;26;23,5;4;8;9;4;0;0;0;0;no;no;
Skj;;7;1;2018;21.08.2018;SO;3;;;30;23,5;67;12;12;5;0;0;2;0;no;no;
Skj;;7;1;2018;21.08.2018;SO;4;;;30,5;24;3;6;9;4;0;0;0;0;no;no;
Skj;;7;2;2018;21.08.2018;SLO;1;;;4;4;118;6;12;7;0;0;4;0;no;no;
Skj;;7;2;2018;21.08.2018;SLO;2;;;6;4;12;6;6;3;0;0;0;0;no;no;
Skj;;7;3;2018;21.08.2018;EE/SO;1;;;20;16;20;10;7;4;0;0;0;0;no;no;
Skj;;7;3;2018;21.08.2018;EE/SO;2;;;15;4,5;84;10;10;5;0;0;1;0;no;no;
Skj;;7;4;2018;21.08.2018;EE;1;;;3,5;20,5;99;10;12;5;0;0;2;0;no;no;
Skj;;7;4;2018;21.08.2018;EE;2;;;18;24;5;8;7;3;0;0;0;0;no;no;
Skj;;7;4;2018;21.08.2018;EE;3;;;18;24,5;3;4;4;1;0;0;0;0;no;no;
Skj;;7;4;2018;21.08.2018;EE;4;;;35;27,5;7;6;6;2;0;0;0;0;no;no;
Skj;;7;4;2018;21.08.2018;EE;5;;;2,5;7;32;12;10;3;0;0;0;0;no;no;
Skj;;7;4;2018;21.08.2018;EE;6;;;4,5;6;11;6;6;2;0;0;0;0;no;no;
Skj;;7;4;2018;21.08.2018;EE;7;;;4,5;4,5;8;6;6;2;0;0;0;0;no;no;
Skj;;7;4;2018;21.08.2018;EE;8;;;21,5;4,5;20;8;9;4;0;0;0;0;no;no;
Skj;;7;5;2018;21.08.2018;EE;1;;;18,5;20,5;21;10;9;5;0;0;0;0;no;no;
Skj;;7;5;2018;21.08.2018;EE;2;;;19,5;20,5;4;4;3;2;0;0;0;0;no;no;
Skj;;7;5;2018;21.08.2018;EE;3;;;21;4,5;28;14;9;5;0;0;0;0;no;no;
Skj;;7;5;2018;21.08.2018;EE;4;;;22;4;10;8;4;2;0;0;0;0;no;no;
Gud;;1;1;2018;07.08.2018;EE;1;;;4;24,5;183;13;15;9;0;0;6;0;no;no;
Gud;;1;1;2018;07.08.2018;EE;2;;;16;12,5;47;12;11;3;0;0;0;0;no;no;
Gud;;1;2;2018;07.08.2018;EE;1;;;15;16;109;8;12;10;0;0;1;1;no;no;some leaves eaten?
Gud;;1;2;2018;07.08.2018;EE;2;;;15,5;13,5;106;14;13;8;0;0;1;0;no;no;
Gud;;1;2;2018;07.08.2018;EE;3;;;5;13;16;8;11;3;0;0;0;0;no;no;
Gud;;1;3;2018;06.08.2018;JT;1;;;9;24;53;9;12;6;0;0;0;0;no;no;
Gud;;1;3;2018;06.08.2018;JT;2;;;9;14;48;10;12;5;0;0;0;0;no;no;
Gud;;1;3;2018;06.08.2018;JT;3;;;2,5;7,5;123;21;14;6;0;0;0;0;no;no;
Gud;;1;3;2018;06.08.2018;JT;4;;;4,5;14;119;10;14;7;0;0;3;0;no;no;
Gud;;1;3;2018;06.08.2018;JT;5;;;6,5;2,5;147;14;17;8;0;0;3;1;no;no;
Gud;;1;3;2018;06.08.2018;JT;6;;;9;2,5;40;9;16;7;0;0;0;0;no;no;
Gud;;1;4;2018;07.08.2018;EE;1;;;0,5;20,5;166;12;18;7;0;0;2;0;no;no;
Gud;;1;4;2018;07.08.2018;EE;2;;;30,5;5;147;14;14;7;0;0;4;1;no;no;
Gud;;1;5;2018;07.08.2018;EE;1;;;6;22;185;12;18;9;0;0;8;0;no;no;
Gud;;1;5;2018;07.08.2018;EE;2;;;23;12;143;14;14;6;0;0;5;0;no;no;
Gud;;1;5;2018;07.08.2018;EE;3;;;28;11;90;18;13;4;0;0;0;0;no;no;
Gud;;1;5;2018;07.08.2018;EE;4;;;31;7;84;16;13;6;0;0;0;0;no;no;
Gud;;1;5;2018;07.08.2018;EE;5;;;30,5;9;15;7;5;3;0;0;0;0;no;no;
Gud;;1;5;2018;07.08.2018;EE;6;;;6;0,5;62;5;9;5;0;0;0;0;no;no;leaves have been eaten?
Gud;;1;5;2018;07.08.2018;EE;7;;;17;2,5;79;11;12;5;0;0;0;0;no;no;
Gud;;1;5;2018;07.08.2018;EE;8;;;16;2;42;5;7;4;0;0;0;0;no;no;
Gud;;1;5;2018;07.08.2018;EE;9;;;32,5;3;181;18;14;7;0;0;5;0;no;no;
Gud;;1;6;2018;07.08.2018;EE;1;;;3;21;122;12;16;7;0;0;0;0;no;no;top cut off
Gud;;1;6;2018;07.08.2018;EE;2;;;21;21,5;94;12;13;7;0;0;0;0;no;no;
Gud;;2;1;2018;08.08.2018;EE;1;;;23;2,5;60;16;9;6;0;0;0;0;no;no;
Gud;;2;2;2018;08.08.2018;EE;1;;;12;23;30;4;6;4;0;0;0;0;no;no;grazed
Gud;;2;2;2018;08.08.2018;EE;2;;;13;22;27;10;11;5;0;0;0;0;no;no;
Gud;;2;2;2018;08.08.2018;EE;3;;;0,5;15,5;21;4;8;7;0;0;0;0;no;no;grazed
Gud;;2;2;2018;08.08.2018;EE;4;;;3;13,5;16;4;6;4;0;0;0;0;no;no;
Gud;;2;2;2018;08.08.2018;EE;5;;;18;15;16;6;8;3;0;0;0;0;no;no;
Gud;;2;2;2018;08.08.2018;EE;6;;;18;14;26;6;9;6;0;0;0;0;no;no;grazed
Gud;;2;2;2018;08.08.2018;EE;7;;;21;12,5;33;12;11;5;0;0;0;0;no;no;
Gud;;2;2;2018;08.08.2018;EE;8;;;14;8;110;14;10;7;0;0;3;0;no;no;
Gud;;2;2;2018;08.08.2018;EE;9;;;12;23;5;2;4;2;0;0;0;0;no;no;new shoot
Gud;;2;3;2018;08.08.2018;EE;1;;;21,5;8,5;27;10;10;4;0;0;0;0;no;no;
Gud;;2;3;2018;08.08.2018;EE;2;;;15;5;7;6;7;3;0;0;0;0;no;no;
Gud;;2;4;2018;08.08.2018;EE;1;;;24,5;25;6;4;4;2;0;0;0;0;no;no;
Gud;;2;4;2018;08.08.2018;EE;2;;;29;21;36;10;8;4;0;0;0;0;no;no;
Gud;;2;4;2018;08.08.2018;EE;3;;;31;22;40;14;10;4;0;0;0;0;no;no;
Gud;;2;4;2018;08.08.2018;EE;4;;;30;17,5;49;16;11;5;0;0;0;0;no;no;
Gud;;2;4;2018;08.08.2018;EE;5;;;32;15;34;14;10;5;0;0;0;0;no;no;
Gud;;2;4;2018;08.08.2018;EE;6;;;34;15;57;16;9;6;0;0;0;0;no;no;
Gud;;2;4;2018;08.08.2018;EE;7;;;32;19;12;6;6;4;0;0;0;0;no;no;
Gud;;2;4;2018;08.08.2018;EE;8;;;31;18;8;4;4;2;0;0;0;0;no;no;
Gud;;2;4;2018;08.08.2018;EE;9;;;33;20,5;10;4;7;3;0;0;0;0;no;no;
Gud;;2;4;2018;08.08.2018;EE;10;;;20;15;8;6;3;2;0;0;0;0;no;no;
Gud;;2;4;2018;08.08.2018;EE;11;;;21;11;10;4;5;2;0;0;0;0;no;no;
Gud;;2;4;2018;08.08.2018;EE;12;;;26;14,5;110;22;15;6;0;0;0;0;no;no;grazed
Gud;;2;4;2018;08.08.2018;EE;13;;;27,5;13;11;6;5;3;0;0;0;0;no;no;
Gud;;2;4;2018;08.08.2018;EE;14;;;30;14;12;4;9;4;0;0;0;0;no;no;
Gud;;2;4;2018;08.08.2018;EE;15;;;29;13;48;8;16;5;0;0;0;0;no;no;
Gud;;2;4;2018;08.08.2018;EE;16;;;29,5;13;10;6;7;3;0;0;0;0;no;no;
Gud;;2;4;2018;08.08.2018;EE;17;;;30;13;9;4;5;3;0;0;0;0;no;no;
Gud;;3;1;2018;08.08.2018;SOS/EE;1;;;14,5;24;29;10;10;4;0;0;0;0;no;no;
Gud;;3;1;2018;08.08.2018;SOS/EE;2;;;16;22;54;8;12;8;0;0;0;0;no;no;grazed
Gud;;3;1;2018;08.08.2018;SOS/EE;3;;;23;23;30;10;11;4;0;0;0;0;no;no;
Gud;;3;1;2018;08.08.2018;SOS/EE;4;;;23,5;25;69;14;15;5;0;0;0;0;no;no;
Gud;;3;1;2018;08.08.2018;SOS/EE;5;;;26;25;46;18;13;6;0;0;0;0;no;no;
Gud;;3;1;2018;08.08.2018;SOS/EE;6;;;26,5;24;18;8;8;4;0;0;0;0;no;no;
Gud;;3;1;2018;08.08.2018;SOS/EE;7;;;27;23;56;18;11;5;0;0;0;0;no;no;
Gud;;3;1;2018;08.08.2018;SOS/EE;8;;;29;24;139;12;22;8;0;0;3;0;no;no;
Gud;;3;1;2018;08.08.2018;SOS/EE;9;;;30,5;23;164;14;26;9;0;0;6;0;no;no;
Gud;;3;1;2018;08.08.2018;SOS/EE;10;;;23,5;15;30;4;12;5;0;0;0;0;no;no;grazed
Gud;;3;1;2018;08.08.2018;SOS/EE;11;;;0,5;14,5;59;10;16;6;0;0;1;0;no;no;
Gud;;3;1;2018;08.08.2018;SOS/EE;12;;;8;13;86;16;12;8;0;0;0;0;no;no;
Gud;;3;1;2018;08.08.2018;SOS/EE;13;;;21;11;14;6;9;4;0;0;0;0;no;no;
Gud;;3;1;2018;08.08.2018;SOS/EE;14;;;22;12;14;6;8;3;0;0;0;0;no;no;
Gud;;3;1;2018;08.08.2018;SOS/EE;15;;;19;5;126;10;11;0;0;0;2;0;no;no;
Gud;;3;2;2018;08.08.2018;SLO;1;;;31;23;141;14;14;9;0;0;1;0;no;no;
Gud;;3;2;2018;08.08.2018;SLO;2;;;32;24;145;12;19;7;0;0;6;0;no;no;
Gud;;3;2;2018;08.08.2018;SLO;3;;;31;20,5;154;20;19;10;0;0;5;3;no;no;
Gud;;3;2;2018;08.08.2018;SLO;4;;;4;16,5;48;8;14;3;0;0;0;0;no;no;
Gud;;3;3;2018;08.08.2018;RG;1;;;8;23,5;35;6;19;7;0;0;0;0;no;no;
Gud;;3;3;2018;08.08.2018;RG;2;;;10,5;24,5;7;8;7;3;0;0;0;0;no;no;
Gud;;3;3;2018;08.08.2018;RG;3;;;27,5;24;161;18;11;7;0;0;3;0;no;no;
Gud;;3;3;2018;08.08.2018;RG;4;;;23,5;22,5;171;21;16;8;0;0;7;0;no;no;
Gud;;3;3;2018;08.08.2018;RG;5;;;29,5;21,5;7;6;6;2;0;0;0;0;no;no;
Gud;;3;3;2018;08.08.2018;RG;6;;;28;23;90;24;18;6;0;0;0;0;no;no;
Gud;;3;3;2018;08.08.2018;RG;7;;;30;21;4;6;6;2;0;0;0;0;no;no;
Gud;;3;3;2018;08.08.2018;RG;8;;;29,5;20;6;7;7;3;0;0;0;0;no;no;
Gud;;3;3;2018;08.08.2018;RG;9;;;30;20;5;6;4;2;0;0;0;0;no;no;
Gud;;3;3;2018;08.08.2018;RG;10;;;11,5;16;147;14;15;11;0;0;5;0;no;no;
Gud;;3;3;2018;08.08.2018;RG;11;;;7;11;9;6;12;4;0;0;0;0;no;no;
Gud;;3;3;2018;08.08.2018;RG;12;;;6;12;4;2;4;2;0;0;0;0;no;no;
Gud;;3;3;2018;08.08.2018;RG;13;;;11,5;13;9;5;6;3;0;0;0;0;no;no;
Gud;;3;3;2018;08.08.2018;RG;14;;;22,5;11,5;137;11;15;8;0;0;3;0;no;no;
Gud;;3;3;2018;08.08.2018;RG;15;;;22,5;12,5;134;9;15;7;0;0;2;0;no;no;
Gud;;3;3;2018;08.08.2018;RG;16;;;25,5;14,5;7;8;7;2;0;0;0;0;no;no;
Gud;;3;3;2018;08.08.2018;RG;17;;;14;3;11;7;7;2;0;0;0;0;no;no;
Gud;;3;4;2018;08.08.2018;SOS/EE;1;;;10,5;24;48;8;16;6;0;0;0;0;no;no;grazed
Gud;;3;4;2018;08.08.2018;SOS/EE;2;;;3;3;71;16;12;5;0;0;0;0;no;no;
Gud;;3;4;2018;08.08.2018;SOS/EE;3;;;3;2;11;6;7;2;0;0;0;0;no;no;
Gud;;3;5;2018;08.08.2018;SLO;1;;;31;21;62;16;11;5;0;0;0;0;no;no;
Gud;;3;5;2018;08.08.2018;SLO;2;;;4,5;15;106;12;11;5;0;0;2;0;no;no;
Gud;;3;5;2018;08.08.2018;SLO;3;;;6,5;5;122;16;13;6;0;0;5;0;no;no;
Gud;;3;5;2018;08.08.2018;SLO;4;;;34;8;29;10;10;5;0;0;0;0;no;no;
Gud;;3;5;2018;08.08.2018;SLO;5;;;34,5;7;13;6;7;3;0;0;0;0;no;no;
Gud;;3;5;2018;08.08.2018;SLO;6;;;35;7,5;40;14;10;5;0;0;0;0;no;no;
Gud;;3;5;2018;08.08.2018;;1;;;7;22;131;16;15;7;0;0;3;0;no;no;
Gud;;3;5;2018;08.08.2018;;2;;;25,5;16,5;79;14;15;6;0;0;0;0;no;no;
Gud;;3;5;2018;08.08.2018;;3;;;25;17;13;6;7;3;0;0;0;0;no;no;
Gud;;3;5;2018;08.08.2018;;4;;;4,5;7;116;10;12;7;0;0;2;0;no;no;
Gud;;4;1;2018;08.08.2018;EE;1;;;1;19;26;10;10;4;0;0;0;0;no;no;
Gud;;4;1;2018;08.08.2018;EE;2;;;24;18,5;124;16;13;6;0;0;3;0;no;no;
Gud;;4;1;2018;08.08.2018;EE;3;;;9;11;17;8;10;5;0;0;0;0;no;no;
Gud;;4;1;2018;08.08.2018;EE;4;;;9,5;13;14;6;10;4;0;0;0;0;no;no;
Gud;;4;1;2018;08.08.2018;EE;5;;;10;13;12;6;7;3;0;0;0;0;no;no;
Gud;;4;1;2018;08.08.2018;EE;6;;;9,5;14;22;8;11;4;0;0;0;0;no;no;
Gud;;4;1;2018;08.08.2018;EE;7;;;7;11,5;11;6;6;2;0;0;0;0;no;no;
Gud;;4;1;2018;08.08.2018;EE;8;;;14;13,5;35;10;13;5;0;0;0;0;no;no;
Gud;;4;1;2018;08.08.2018;EE;9;;;18;15;15;6;11;4;0;0;0;0;no;no;
Gud;;4;1;2018;08.08.2018;EE;10;;;17,5;15;12;6;6;2;0;0;0;0;no;no;
Gud;;4;1;2018;08.08.2018;EE;11;;;17,5;15;11;6;7;2;0;0;0;0;no;no;
Gud;;4;1;2018;08.08.2018;EE;12;;;17;14,5;10;4;9;3;0;0;0;0;no;no;
Gud;;4;1;2018;08.08.2018;EE;13;;;16;12;50;12;10;6;0;0;0;0;no;no;
Gud;;4;1;2018;08.08.2018;EE;14;;;4;7,5;15;6;8;3;0;0;0;0;no;no;
Gud;;4;1;2018;08.08.2018;EE;15;;;4;7;8;4;4;2;0;0;0;0;no;no;
Gud;;4;1;2018;08.08.2018;EE;18;;;31;1;22;8;10;5;0;0;0;0;no;no;
Gud;;4;1;2018;08.08.2018;EE;19;;;32;2;11;4;5;3;0;0;0;0;no;no;
Gud;;4;1;2018;08.08.2018;EE;20;;;7;13,5;20;8;6;4;0;0;0;0;no;no;
Gud;;4;1;2018;08.08.2018;EE;21;;;8;15;38;10;10;5;0;0;0;0;no;no;
Gud;;4;2;2018;;EE;1;;;7;23,5;24;8;11;3;0;0;0;0;no;no;
Gud;;4;2;2018;;EE;2;;;6,5;23;9;6;6;2;0;0;0;0;no;no;
Gud;;4;2;2018;;EE;3;;;7,5;22;14;4;4;2;0;0;0;0;no;no;
Gud;;4;2;2018;;EE;4;;;8;2,5;11;6;8;3;0;0;0;0;no;no;
Gud;;4;2;2018;;EE;5;;;32;22;121;12;16;6;0;0;1;2;no;no;
Gud;;4;2;2018;;EE;6;;;34,5;22;14;6;9;4;0;0;0;0;no;no;
Gud;;4;2;2018;;EE;7;;;3;15,5;41;10;11;4;0;0;0;0;no;no;
Gud;;4;2;2018;;EE;8;;;4;16;8;4;6;2;0;0;0;0;no;no;
Gud;;4;2;2018;;EE;9;;;4;15;11;4;5;3;0;0;0;0;no;no;
Gud;;4;2;2018;;EE;10;;;3;13,5;10;6;9;3;0;0;0;0;no;no;
Gud;;4;2;2018;;EE;11;;;33,5;17;28;6;9;4;0;0;0;0;no;no;
Gud;;4;2;2018;;EE;12;;;34;17;25;6;9;4;0;0;0;0;no;no;
Gud;;4;2;2018;;EE;13;;;7,5;12;110;12;16;6;0;0;2;0;no;no;
Gud;;4;2;2018;;EE;14;;;7;13;20;6;7;3;0;0;0;0;no;no;
Gud;;4;2;2018;;EE;15;;;4,5;15;86;12;12;5;0;0;1;0;no;no;
Gud;;4;4;2018;07.08.2018;EE;1;;;1;13;129;12;11;6;0;0;1;0;no;no;
Gud;;4;4;2018;07.08.2018;EE;2;;;4,5;10;12;6;8;3;0;0;0;0;no;no;
Gud;;5;1;2018;07.08.2018;EE;1;;;23,5;11;7;4;6;2;0;0;0;0;no;no;
Gud;;5;2;2018;07.08.2018;EE;1;;;21,5;21;135;14;9;6;0;0;4;0;no;no;
Gud;;5;2;2018;07.08.2018;EE;2;;;11;;17;6;5;2;0;0;0;0;no;no;
Gud;;5;3;2018;07.08.2018;EE;1;;;30,5;7,5;126;12;12;5;0;0;4;0;no;no;
Gud;;5;3;2018;07.08.2018;EE;2;;;33;4,5;37;8;13;4;0;0;0;0;no;no;
Gud;;5;3;2018;07.08.2018;EE;3;;;32;4,5;18;6;10;2;0;0;0;0;no;no;
Gud;;5;3;2018;07.08.2018;EE;4;;;32;3;9;4;4;2;0;0;0;0;no;no;
Gud;;5;3;2018;07.08.2018;EE;5;;;31;2,5;11;6;7;3;0;0;0;0;no;no;
Gud;;5;4;2018;07.08.2018;EE;1;;;3,5;23,5;19;8;10;5;0;0;0;0;no;no;
Gud;;5;4;2018;07.08.2018;EE;2;;;3,5;21,5;37;8;12;4;0;0;0;0;no;no;
Gud;;5;4;2018;07.08.2018;EE;3;;;9,5;23;34;8;11;4;0;0;0;0;no;no;
Gud;;5;4;2018;07.08.2018;EE;4;;;23,5;25;11;8;12;6;0;0;0;0;no;no;
Gud;;5;4;2018;07.08.2018;EE;5;;;25;22;144;24;11;6;0;0;8;0;no;no;
Gud;;5;4;2018;07.08.2018;EE;6;;;24;21;143;14;12;5;0;0;0;1;no;no;top slightly grazed?
Gud;;5;4;2018;07.08.2018;EE;7;;;27;21;10;4;7;4;0;0;0;0;no;no;
Gud;;5;4;2018;07.08.2018;EE;8;;;26;20,5;20;4;7;5;0;0;0;0;no;no;grazed
Gud;;5;4;2018;07.08.2018;EE;9;;;2;21;125;12;15;5;0;0;1;0;no;no;
Gud;;5;4;2018;07.08.2018;EE;10;;;22;17;26;6;10;5;0;0;0;0;no;no;
Gud;;5;4;2018;07.08.2018;EE;11;;;11,5;11;39;6;17;6;0;0;0;0;no;no;
Gud;;5;4;2018;07.08.2018;EE;12;;;16;13;61;18;11;6;0;0;0;0;no;no;
Gud;;5;4;2018;07.08.2018;EE;13;;;18,5;13;29;8;11;5;0;0;0;0;no;no;
Gud;;5;4;2018;07.08.2018;EE;14;;;22;12;11;6;9;4;0;0;0;0;no;no;
Gud;;5;4;2018;07.08.2018;EE;15;;;26;14,5;128;18;10;5;0;0;4;1;no;no;most leaves missing
Gud;;5;4;2018;07.08.2018;EE;16;;;24;10,5;19;6;7;3;0;0;0;0;no;no;
Gud;;5;4;2018;07.08.2018;EE;17;;;9;0;100;18;12;6;0;0;0;0;no;no;new toothpick, didn't find no. 18
Gud;;5;4;2018;07.08.2018;EE;18;;;14;4;11;4;7;3;0;0;0;0;no;no;
Gud;;5;4;2018;07.08.2018;EE;19;;;24;5;162;20;11;7;0;0;7;0;no;no;
Gud;;5;4;2018;07.08.2018;EE;20;;;11;24;26;6;10;3;0;0;0;0;no;no;
Gud;;5;4;2018;07.08.2018;EE;21;;;22;12,5;9;4;7;4;0;0;0;0;no;no;
Gud;;5;4;2018;07.08.2018;EE;22;;;22;13;112;14;8;5;0;0;2;0;no;no;
Gud;;6;1;2018;07.08.2018;EE;1;;;17,5;21;11;6;8;3;0;0;0;0;no;no;
Gud;;6;1;2018;07.08.2018;EE;2;;;32;13,5;18;6;8;2;0;0;0;0;no;no;
Gud;;6;1;2018;07.08.2018;EE;3;;;1,5;6,5;155;18;12;8;0;0;2;0;no;no;
Gud;;6;2;2018;07.08.2018;EE;1;;;2,5;14;24;6;5;2;0;0;0;0;no;no;
Gud;;6;2;2018;07.08.2018;EE;2;;;10,5;11;14;6;6;3;0;0;0;0;no;no;
Gud;;6;2;2018;07.08.2018;EE;3;;;19;12,5;161;16;13;9;0;0;3;0;no;no;
Gud;;6;2;2018;07.08.2018;EE;4;;;11;9;61;10;11;5;0;0;0;0;no;no;
Gud;;6;3;2018;07.08.2018;EE;1;;;23;23,5;44;10;9;3;0;0;0;0;no;no;
Gud;;6;3;2018;07.08.2018;EE;2;;;24,5;23;17;4;5;3;0;0;0;0;no;no;
Gud;;6;3;2018;07.08.2018;EE;3;;;22;20;16;6;7;3;0;0;0;0;no;no;
Gud;;6;3;2018;07.08.2018;EE;4;;;22,5;20;10;4;4;2;0;0;0;0;no;no;
Gud;;6;3;2018;07.08.2018;EE;5;;;28;20;10;4;9;3;0;0;0;0;no;no;
Gud;;6;3;2018;07.08.2018;EE;6;;;32;13;130;16;12;6;0;0;3;0;no;no;
Gud;;6;3;2018;07.08.2018;EE;7;;;31;13,5;11;6;5;2;0;0;0;0;no;no;
Gud;;6;3;2018;07.08.2018;EE;8;;;31;6,5;24;8;9;4;0;0;0;0;no;no;
Gud;;6;3;2018;07.08.2018;EE;9;;;29,5;3;121;16;9;4;0;0;3;0;no;no;wilted leaves
Gud;;7;1;2018;06.08.2018;JT;1;;;3;24;141;8;15;6;0;0;3;0;no;no;
Gud;;7;1;2018;06.08.2018;JT;2;;;20,5;16,5;102;16;15;6;0;0;0;0;no;no;
Gud;;7;1;2018;06.08.2018;JT;3;;;22;16;124;5;11;5;0;0;0;0;no;no;
Gud;;7;1;2018;06.08.2018;JT;4;;;23;18,5;98;3;14;8;0;0;1;0;no;no;
Gud;;7;1;2018;06.08.2018;JT;5;;;24;0,5;72;12;11;5;0;0;0;0;no;no;
Gud;;7;2;2018;06.08.2018;JT;1;;;32;17;130;10;8;6;0;0;2;0;no;no;
Gud;;7;4;2018;06.08.2018;EE;1;;;4;24;142;12;14;8;0;0;3;1;no;no;
Gud;;7;4;2018;06.08.2018;EE;2;;;3,5;22,5;142;14;14;8;0;0;6;0;no;no;
Gud;;7;4;2018;06.08.2018;EE;3;;;2,5;22;31;6;9;6;0;0;0;0;no;no;
Gud;;7;4;2018;06.08.2018;EE;4;;;5,5;21,5;125;12;11;7;0;0;4;0;no;no;
Gud;;7;4;2018;06.08.2018;EE;5;;;0;2,5;5;4;3;2;0;0;0;0;no;no;
Gud;;7;4;2018;06.08.2018;EE;6;;;0,5;2,5;5;4;6;3;0;0;0;0;no;no;
Gud;;7;4;2018;06.08.2018;EE;7;;;1;2,5;5;2;4;2;0;0;0;0;no;no;
Gud;;7;4;2018;06.08.2018;EE;8;;;1,5;3;23;5;10;4;0;0;0;0;no;no;
Gud;;7;4;2018;06.08.2018;EE;9;;;1,5;3,5;31;8;11;5;0;0;0;0;no;no;
Gud;;7;4;2018;06.08.2018;EE;10;;;3;3;24;6;8;3;0;0;0;0;no;no;
Gud;;7;4;2018;06.08.2018;EE;11;;;2,5;4;82;8;11;4;0;0;2;0;no;no;
Gud;;7;4;2018;06.08.2018;EE;12;;;3;4,5;9;4;5;2;0;0;0;0;no;no;
Gud;;7;4;2018;06.08.2018;EE;13;;;4;3;30;12;11;4;0;0;0;0;no;no;
Gud;;7;4;2018;06.08.2018;EE;14;;;4,5;2,5;34;9;11;4;0;0;0;0;no;no;
Gud;;7;4;2018;06.08.2018;EE;15;;;5,5;2;15;6;10;3;0;0;0;0;no;no;
Gud;;7;4;2018;06.08.2018;EE;16;;;5;1,5;16;4;6;3;0;0;0;0;no;no;
Gud;;7;4;2018;06.08.2018;EE;17;;;1,25;3;5;2;3;2;0;0;0;0;no;no;
Gud;;7;5;2018;06.08.2018;EE;1;;;9;14;16;8;11;5;0;0;0;0;no;no;
Gud;;7;5;2018;06.08.2018;EE;2;;;8,5;13,5;9;4;9;4;0;0;0;0;no;no;
Gud;;7;5;2018;06.08.2018;EE;3;;;10,5;13;93;8;12;6;0;0;1;0;no;no;
Gud;;7;5;2018;06.08.2018;EE;4;;;11;11,5;98;8;11;6;0;0;3;0;no;no;
Gud;;7;5;2018;06.08.2018;EE;5;;;11,5;8,5;42;10;11;5;0;0;0;0;no;no;
Gud;;7;6;2018;07.08.2018;EE;1;;;5,5;22,5;125;8;12;9;0;0;4;0;no;no;
Gud;;7;6;2018;07.08.2018;EE;2;;;9;20,5;57;12;11;6;0;0;0;0;no;no;
Gud;;7;6;2018;07.08.2018;EE;3;;;22;22;80;8;10;4;0;0;1;0;no;no;
Gud;;7;6;2018;07.08.2018;EE;4;;;20,5;22,5;16;6;6;3;0;0;0;0;no;no;
Gud;;7;6;2018;07.08.2018;EE;5;;;24,5;21;93;9;13;4;0;0;2;0;no;no;
Gud;;7;6;2018;07.08.2018;EE;6;;;25,5;22;33;8;10;3;0;0;0;0;no;no;
Gud;;7;6;2018;07.08.2018;EE;7;;;11,5;10;25;10;9;5;0;0;0;0;no;no;
Gud;;7;6;2018;07.08.2018;EE;8;;;11;11,5;9;4;5;4;0;0;0;0;no;no;
Gud;;7;6;2018;07.08.2018;EE;9;;;16,5;11,5;16;6;10;4;0;0;0;0;no;no;
Gud;;7;6;2018;07.08.2018;EE;10;;;12;9;6;6;5;2;0;0;0;0;no;no;
Gud;;7;6;2018;07.08.2018;EE;11;;;32;13,5;15;8;7;4;0;0;0;0;no;no;
Gud;;7;6;2018;07.08.2018;EE;12;;;34,5;13;32;11;10;3;0;0;0;0;no;no;
Gud;;7;6;2018;07.08.2018;EE;13;;;31,5;12;11;8;5;2;0;0;0;0;no;no;
Gud;;7;6;2018;07.08.2018;EE;14;;;30;5,5;123;10;11;5;0;0;4;0;no;no;
Lav;;1;1;2018;14.08.2018;EE;1;;;5;14;15;8;8;3;0;0;0;0;no;no;
Lav;;1;1;2018;14.08.2018;EE;2;;;6;11;104;20;12;5;0;0;6;0;no;no;
Lav;;1;1;2018;14.08.2018;EE;3;;;8;15;111;16;15;7;0;0;8;0;no;no;
Lav;;1;1;2018;14.08.2018;EE;4;;;9;15;18;16;11;4;0;0;0;0;no;no;
Lav;;1;1;2018;14.08.2018;EE;5;;;9;13;17;12;9;4;0;0;0;0;no;no;
Lav;;1;1;2018;14.08.2018;EE;6;;;9,5;14;30;14;16;9;0;0;0;0;no;no;grazed
Lav;;1;1;2018;14.08.2018;EE;7;;;12;1,5;5;4;6;3;0;0;0;0;no;no;
Lav;;1;1;2018;14.08.2018;EE;8;;;13;1;31;8;10;5;0;0;0;0;no;no;grazed
Lav;;1;2;2018;09.08.2018;EE;1;;;0,5;25;9;6;7;3;0;0;0;0;no;no;
Lav;;1;2;2018;09.08.2018;EE;2;;;17;22;22;8;7;3;0;0;0;0;no;no;
Lav;;1;2;2018;09.08.2018;EE;3;;;34,5;15,5;10;6;6;2;0;0;0;0;no;no;
Lav;;1;3;2018;15.08.2018;EE;1;;;13;23;11;10;9;4;0;0;0;0;no;no;
Lav;;1;3;2018;15.08.2018;EE;2;;;27,5;21;15;5;7;4;0;0;0;0;no;no;
Lav;;1;3;2018;15.08.2018;EE;3;;;29;21;18;10;9;4;0;0;0;0;no;no;
Lav;;1;3;2018;15.08.2018;EE;4;;;28;19,5;22;14;11;6;0;0;0;0;no;no;
Lav;;1;3;2018;15.08.2018;EE;5;;;29,5;19,5;36;18;17;6;0;0;0;0;no;no;
Lav;;1;3;2018;15.08.2018;EE;6;;;21,5;16;11;8;7;2;0;0;0;0;no;no;
Lav;;1;3;2018;15.08.2018;EE;7;;;23;17;22;10;14;4;0;0;0;0;no;no;
Lav;;1;3;2018;15.08.2018;EE;8;;;2;13;21;14;10;5;0;0;0;0;no;no;
Lav;;1;3;2018;15.08.2018;EE;9;;;4;11;13;4;5;2;0;0;0;0;no;no;
Lav;;1;3;2018;15.08.2018;EE;10;;;8;12,5;13;4;7;2;0;0;0;0;no;no;
Lav;;1;3;2018;15.08.2018;EE;11;;;9,5;13;15;8;9;4;0;0;0;0;no;no;
Lav;;1;3;2018;15.08.2018;EE;12;;;28;13;104;24;15;6;0;0;4;0;no;no;
Lav;;1;3;2018;15.08.2018;EE;13;;;29;12;32;12;10;4;0;0;0;0;no;no;
Lav;;1;3;2018;15.08.2018;EE;14;;;11;7;11;6;8;3;0;0;0;0;no;no;
Lav;;1;3;2018;15.08.2018;EE;15;;;20;6,5;14;6;7;2;0;0;0;0;no;no;
Lav;;1;3;2018;15.08.2018;EE;16;;;4,5;0,5;22;12;14;5;0;0;0;0;no;no;
Lav;;1;3;2018;15.08.2018;EE;17;;;11;0;35;8;18;7;0;0;0;0;no;no;grazed
Lav;;1;5;2018;09.08.2018;EE;1;;;7;20;10;6;8;3;0;0;0;0;no;no;
Lav;;1;5;2018;09.08.2018;EE;2;;;32;24;81;14;12;6;0;0;4;0;no;no;
Lav;;1;5;2018;09.08.2018;EE;3;;;32;10;35;12;11;5;0;0;0;0;no;no;
Lav;;1;4;2018;15.08.2018;EE;1;;;17,5;18,5;8;6;6;3;0;0;0;0;no;no;
Lav;;1;4;2018;15.08.2018;EE;2;;;17,5;19;5;4;3;2;0;0;0;0;no;no;
Lav;;1;4;2018;15.08.2018;EE;3;;;18,5;18;5;4;3;2;0;0;0;0;no;no;
Lav;;1;4;2018;15.08.2018;EE;4;;;18,5;19;7;8;10;4;0;0;0;0;no;no;
Lav;;1;4;2018;15.08.2018;EE;5;;;19,5;19;9;12;8;3;0;0;0;0;no;no;
Lav;;1;4;2018;15.08.2018;EE;6;;;27;23,5;13;10;9;4;0;0;0;0;no;no;
Lav;;1;4;2018;15.08.2018;EE;7;;;27,5;24,5;36;22;10;5;0;0;0;0;no;no;
Lav;;1;4;2018;15.08.2018;EE;8;;;28;24,5;16;10;8;4;0;0;0;0;no;no;
Lav;;1;4;2018;15.08.2018;EE;9;;;28,5;24;13;8;7;3;0;0;0;0;no;no;
Lav;;1;4;2018;15.08.2018;EE;10;;;29;23;37;18;12;7;0;0;0;0;no;no;
Lav;;1;4;2018;15.08.2018;EE;11;;;28,5;22;11;10;6;3;0;0;0;0;no;no;
Lav;;1;4;2018;15.08.2018;EE;12;;;28;22;7;6;7;4;0;0;0;0;no;no;
Lav;;1;4;2018;15.08.2018;EE;13;;;29;22,5;18;10;10;5;0;0;0;0;no;no;
Lav;;1;4;2018;15.08.2018;EE;14;;;31,5;23,5;14;12;7;4;0;0;0;0;no;no;
Lav;;1;4;2018;15.08.2018;EE;15;;;31,5;22,5;15;8;8;6;0;0;0;0;no;no;
Lav;;1;4;2018;15.08.2018;EE;16;;;31,5;21,5;14;8;6;4;0;0;0;0;no;no;
Lav;;1;4;2018;15.08.2018;EE;17;;;30,5;21;18;10;12;16;0;0;0;0;no;no;
Lav;;1;4;2018;15.08.2018;EE;18;;;28,5;21,5;11;12;5;2;0;0;0;0;no;no;
Lav;;1;4;2018;15.08.2018;EE;19;;;29,5;21;14;12;7;3;0;0;0;0;no;no;
Lav;;1;4;2018;15.08.2018;EE;20;;;28;19,5;16;12;14;6;0;0;0;0;no;no;
Lav;;1;4;2018;15.08.2018;EE;21;;;29;20;13;8;7;3;0;0;0;0;no;no;
Lav;;1;4;2018;15.08.2018;EE;22;;;30;19,5;15;6;6;4;0;0;0;0;no;no;grazed
Lav;;1;4;2018;15.08.2018;EE;23;;;24;17;36;14;12;5;0;0;0;0;no;no;
Lav;;1;4;2018;15.08.2018;EE;24;;;24,5;15;7;6;5;3;0;0;0;0;no;no;
Lav;;1;4;2018;15.08.2018;EE;25;;;25;8;41;22;15;6;0;0;0;0;no;no;
Lav;;1;4;2018;15.08.2018;EE;26;;;19,5;1,5;17;6;8;3;0;0;0;0;no;no;
Lav;;1;4;2018;15.08.2018;EE;27;;;20,5;2;15;10;6;3;0;0;0;0;no;no;
Lav;;1;4;2018;15.08.2018;EE;28;;;27;24,5;9;6;5;2;0;0;0;0;no;no;
Lav;;1;4;2018;15.08.2018;EE;29;;;27;25;11;6;11;4;0;0;0;0;no;no;
Lav;;1;6;2018;14.08.2018;EE;1;;;4;21;26;10;15;4;0;0;0;0;no;no;
Lav;;1;6;2018;14.08.2018;EE;2;;;4;20;31;8;15;5;0;0;0;0;no;no;
Lav;;1;6;2018;14.08.2018;EE;3;;;4,5;18,5;25;6;13;4;0;0;0;0;no;no;
Lav;;1;6;2018;14.08.2018;EE;4;;;5;19;30;8;9;4;0;0;0;0;no;no;
Lav;;1;6;2018;14.08.2018;EE;5;;;5;18;29;16;11;5;0;0;0;0;no;no;
Lav;;1;6;2018;14.08.2018;EE;6;;;8;23;12;10;18;3;0;0;0;0;no;no;
Lav;;1;6;2018;14.08.2018;EE;7;;;9,5;21,5;85;14;14;5;0;0;2;0;no;no;
Lav;;1;6;2018;14.08.2018;EE;8;;;11;21;24;10;8;4;0;0;0;0;no;no;grazed
Lav;;1;6;2018;14.08.2018;EE;9;8;;11;20,5;5;6;4;3;0;0;0;0;no;no;
Lav;;1;6;2018;14.08.2018;EE;10;;;9,5;22,5;13;8;10;4;0;0;0;0;no;no;
Lav;;1;6;2018;14.08.2018;EE;11;;;30;20;10;15;11;5;0;0;0;0;no;no;
Lav;;1;6;2018;14.08.2018;EE;12;;;30;18;20;10;10;5;0;0;0;0;no;no;grazed
Lav;;1;6;2018;14.08.2018;EE;13;;;32;19;22;10;8;5;0;0;0;0;no;no;
Lav;;1;6;2018;14.08.2018;EE;14;;;33;20;11;10;7;3;0;0;0;0;no;no;
Lav;;1;6;2018;14.08.2018;EE;15;;;33;19;9;4;5;2;0;0;0;0;no;no;
Lav;;1;6;2018;14.08.2018;EE;16;;;33;18,5;17;12;8;3;0;0;0;0;no;no;
Lav;;1;6;2018;14.08.2018;EE;17;;;34,5;19;5;2;5;3;0;0;0;0;no;no;
Lav;;1;6;2018;14.08.2018;EE;18;;;34,5;19,5;22;16;11;5;0;0;0;0;no;no;
Lav;;1;6;2018;14.08.2018;EE;19;;;3;16,5;40;8;15;8;0;0;0;0;no;no;grazed
Lav;;1;6;2018;14.08.2018;EE;20;;;6;14;10;8;10;4;0;0;0;0;no;no;
Lav;;1;6;2018;14.08.2018;EE;21;;;32;11;16;10;9;4;0;0;0;0;no;no;
Lav;;1;6;2018;14.08.2018;EE;22;;;32;9,5;81;14;13;5;0;0;3;0;no;no;
Lav;;1;6;2018;14.08.2018;EE;23;;;14;1;11;8;8;3;0;0;0;0;no;no;
Lav;;1;6;2018;14.08.2018;EE;24;;;33;3,5;18;8;8;3;0;0;0;0;no;no;
Lav;;1;6;2018;14.08.2018;EE;26;;;7,5;22,5;79;16;13;5;0;0;1;0;no;no;
Lav;;1;6;2018;14.08.2018;EE;27;26;;7,5;23;10;6;4;3;0;0;0;0;no;no;
Lav;;2;1;2018;14.08.2018;EE/LB;1;;;8;12;26;14;9;4;0;0;0;0;no;no;
Lav;;2;1;2018;14.08.2018;EE/LB;2;;;14,5;12;5;6;3;1;0;0;0;0;no;no;
Lav;;2;1;2018;14.08.2018;EE/LB;3;;;22;15;18;10;9;4;0;0;0;0;no;no;
Lav;;2;1;2018;14.08.2018;EE/LB;4;;;14;7;12;8;6;3;0;0;0;0;no;no;
Lav;;2;1;2018;14.08.2018;EE/LB;5;;;15;6,5;5;4;8;2;0;0;0;0;no;no;
Lav;;2;1;2018;14.08.2018;EE/LB;6;;;7;0,5;2;4;2;1;0;0;0;0;no;no;
Lav;;2;1;2018;14.08.2018;EE/LB;7;;;17;3,5;7;6;4;2;0;0;0;0;no;no;
Lav;;2;1;2018;14.08.2018;EE/LB;8;;;19;4,5;17;12;8;3;0;0;0;0;no;no;
Lav;;2;1;2018;14.08.2018;EE/LB;9;;;20;2,5;10;6;4;2;0;0;0;0;no;no;
Lav;;2;1;2018;14.08.2018;EE/LB;10;;;20;1;11;8;5;4;0;0;0;0;no;no;
Lav;;2;1;2018;14.08.2018;EE/LB;11;17;;21;5,5;4;4;4;3;0;0;0;0;no;no;
Lav;;2;1;2018;14.08.2018;EE/LB;12;17;;22;6;11;10;7;4;0;0;0;0;no;no;
Lav;;2;1;2018;14.08.2018;EE/LB;13;;;22,5;4;24;8;12;5;0;0;0;0;no;no;
Lav;;2;1;2018;14.08.2018;EE/LB;14;;;31;3;25;16;10;3;0;0;0;0;no;no;
Lav;;2;1;2018;14.08.2018;EE/LB;15;14;;32;3,5;10;6;3;2;0;0;0;0;no;no;
Lav;;2;1;2018;14.08.2018;EE/LB;16;17;;22,5;5;4;6;2;1;0;0;0;0;no;no;
Lav;;2;1;2018;14.08.2018;EE/LB;17;;;23;5,5;26;10;11;5;0;0;0;0;no;no;grazed
Lav;;2;3;2018;14.08.2018;EE;1;;;26,5;22;59;8;6;2;0;0;0;0;no;no;
Lav;;2;3;2018;14.08.2018;EE;2;;;15;20;15;6;4;3;0;0;0;0;no;no;
Lav;;2;3;2018;14.08.2018;EE;3;;;23;16;33;16;10;5;0;0;0;0;no;no;
Lav;;2;3;2018;14.08.2018;EE;4;;;24;15;30;10;9;5;0;0;0;0;no;no;grazed
Lav;;2;3;2018;14.08.2018;EE;5;;;4;11;10;8;4;3;0;0;0;0;no;no;
Lav;;2;3;2018;14.08.2018;EE;6;;;19;12,5;38;22;6;3;0;0;0;0;no;no;
Lav;;2;3;2018;14.08.2018;EE;7;;;0,5;6;17;8;4;2;0;0;0;0;no;no;
Lav;;2;3;2018;14.08.2018;EE;8;;;32;6,5;80;20;11;6;0;0;2;0;no;no;
Lav;;2;3;2018;14.08.2018;EE;9;;;23,5;4;85;16;12;6;0;0;4;0;no;no;
Lav;;2;3;2018;14.08.2018;EE;10;;;24;2;83;7;8;3;0;0;0;0;no;no;grazed
Lav;;2;4;2018;14.08.2018;EE;1;;;30;23;24;6;12;16;0;0;0;0;no;no;
Lav;;2;4;2018;14.08.2018;EE;2;;;29;20,5;18;8;12;5;0;0;0;0;no;no;
Lav;;2;4;2018;14.08.2018;EE;3;;;21;19;55;16;14;7;0;0;0;0;no;no;
Lav;;2;5;2018;11.08.2018;EE;1;;;9,5;23,5;11;4;3;2;0;0;0;0;no;no;
Lav;;2;5;2018;11.08.2018;EE;2;;;18;22,5;9;6;4;2;0;0;0;0;no;no;
Lav;;2;5;2018;11.08.2018;EE;3;;;18;23;5;4;2;2;0;0;0;0;no;no;
Lav;;2;5;2018;11.08.2018;EE;4;;;23,5;23,5;56;10;10;7;0;0;0;0;no;no;grazed
Lav;;2;5;2018;11.08.2018;EE;5;;;25,5;23;14;6;6;2;0;0;0;0;no;no;
Lav;;2;5;2018;11.08.2018;EE;6;;;21;19;9;8;4;3;0;0;0;0;no;no;
Lav;;2;5;2018;11.08.2018;EE;7;;;31;18;11;8;7;3;0;0;0;0;no;no;
Lav;;2;5;2018;11.08.2018;EE;8;;;12;10,5;8;6;2;1;0;0;0;0;no;no;
Lav;;2;5;2018;11.08.2018;EE;9;;;22;3;20;8;5;3;0;0;0;0;no;no;
Lav;;2;5;2018;11.08.2018;EE;10;;;29;2;11;4;8;4;0;0;0;0;no;no;grazed, wilting
Lav;;2;5;2018;11.08.2018;EE;11;4;;23,5;25;19;6;6;3;0;0;0;0;no;no;
Lav;;2;6;2018;09.08.2018;EE;1;;;1;6,5;31;16;8;4;0;0;0;0;no;no;
Lav;;2;6;2018;09.08.2018;EE;2;;;23,5;5,5;5;6;2;1;0;0;0;0;no;no;
Lav;;2;6;2018;09.08.2018;EE;3;;;27;4;30;20;10;5;0;0;0;0;no;no;
Lav;;2;6;2018;09.08.2018;EE;4;;;31,5;8,5;5;4;3;1;0;0;0;0;no;no;
Lav;;2;6;2018;09.08.2018;EE;5;;;7,5;13,5;9;8;5;2;0;0;0;0;no;no;
Lav;;2;6;2018;09.08.2018;EE;6;;;8;14;4;6;2;2;0;0;0;0;no;no;
Lav;;3;1;2018;11.08.2018;EE;1;;;17;11;12;8;4;3;0;0;0;0;no;no;
Lav;;3;1;2018;11.08.2018;EE;2;;;20;9;13;6;11;4;0;0;0;0;no;no;grazed
Lav;;3;1;2018;11.08.2018;EE;3;;;31,5;3;14;12;10;5;0;0;0;0;no;no;
Lav;;3;2;2018;14.08.2018;EE;1;2;;13;18;20;10;5;3;0;0;0;0;no;no;
Lav;;3;2;2018;14.08.2018;EE;2;;;13;17;18;10;7;3;0;0;0;0;no;no;
Lav;;3;2;2018;14.08.2018;EE;3;;;9;13,5;59;20;13;7;0;0;0;0;no;no;
Lav;;3;2;2018;14.08.2018;EE;4;;;14;14;21;10;8;4;0;0;0;0;no;no;
Lav;;3;2;2018;14.08.2018;EE;5;;;2;10;46;10;12;5;0;0;1;0;no;no;
Lav;;3;2;2018;14.08.2018;EE;6;;;21;4,5;14;6;9;4;0;0;0;0;no;no;
Lav;;3;2;2018;14.08.2018;EE;7;;;20;3,5;7;6;6;3;0;0;0;0;no;no;
Lav;;3;2;2018;14.08.2018;EE;8;;;20;3;15;6;8;4;0;0;0;0;no;no;
Lav;;3;2;2018;14.08.2018;EE;9;15;;20,5;2,5;4;4;3;2;0;0;0;0;no;no;
Lav;;3;2;2018;14.08.2018;EE;10;;;21;2;20;12;8;3;0;0;0;0;no;no;
Lav;;3;2;2018;14.08.2018;EE;11;;;24;5;115;14;11;6;0;0;3;0;no;no;
Lav;;3;2;2018;14.08.2018;EE;12;;;24,5;2,5;28;14;10;6;0;0;0;0;no;no;
Lav;;3;2;2018;14.08.2018;EE;13;2;;13,5;7,5;3;2;4;2;0;0;0;0;no;no;
Lav;;3;2;2018;14.08.2018;EE;14;15;;20,5;1,5;3;4;6;2;0;0;0;0;no;no;
Lav;;3;2;2018;14.08.2018;EE;15;;;21;1;12;4;9;5;0;0;0;0;no;no;grazed
Lav;;3;3;2018;14.08.2018;EE;1;;;16,5;20;15;12;11;4;0;0;0;0;no;no;
Lav;;3;3;2018;14.08.2018;EE;2;;;25,5;20;32;18;10;5;0;0;0;0;no;no;
Lav;;3;3;2018;14.08.2018;EE;3;;;26;22;90;18;11;5;0;0;4;0;no;no;
Lav;;3;3;2018;14.08.2018;EE;4;;;32;19;11;8;7;4;0;0;0;0;no;no;
Lav;;3;3;2018;14.08.2018;EE;5;;;33;20;9;6;4;3;0;0;0;0;no;no;
Lav;;3;3;2018;14.08.2018;EE;6;;;29,5;13;65;10;12;5;0;0;2;0;no;no;
Lav;;3;3;2018;14.08.2018;EE;7;;;28;13,5;20;14;11;4;0;0;0;0;no;no;
Lav;;3;3;2018;14.08.2018;EE;8;;;34;9;80;18;13;5;0;0;2;0;no;no;
Lav;;3;4;2018;14.08.2018;EE;1;;;9;4;110;14;13;7;0;0;2;0;no;no;
Lav;;3;4;2018;14.08.2018;EE;2;;;6,5;4;45;10;11;6;0;0;0;0;no;no;grazed
Lav;;3;4;2018;14.08.2018;EE;3;;;4;21,5;7;4;2;1;0;0;0;0;yes;no;
Lav;;3;4;2018;14.08.2018;EE;4;;;4,5;6;21;8;5;3;0;0;0;0;no;no;
Lav;;3;4;2018;14.08.2018;EE;5;;;25;8;15;8;6;4;0;0;0;0;no;no;
Lav;;3;5;2018;14.08.2018;EE;1;;;13,5;15;13;10;8;4;0;0;0;0;no;no;
Lav;;3;5;2018;14.08.2018;EE;2;;;6,5;12,5;14;6;8;3;0;0;0;0;no;no;
Lav;;3;6;2018;11.08.2018;JT;1;;;4,5;23,5;10;4;6;3;0;0;0;0;yes;no;
Lav;;4;4;2018;12.08.2018;JT;1;;;7,5;12;15;10;12;4;0;0;0;0;no;no;
Lav;;4;4;2018;12.08.2018;JT;2;;;9;12;22;12;13;3;0;0;0;0;no;no;
Lav;;4;4;2018;12.08.2018;JT;3;;;9;10;16;6;10;4;0;0;0;0;no;no;
Lav;;4;4;2018;12.08.2018;JT;4;;;20;13;9;6;6;3;0;0;0;0;no;no;
Lav;;4;4;2018;12.08.2018;JT;5;;;1,5;5,5;16;14;13;6;0;0;0;0;no;no;
Lav;;4;4;2018;12.08.2018;JT;6;;;1,5;7;19;10;12;5;0;0;0;0;no;no;
Lav;;4;4;2018;12.08.2018;JT;7;;;2,5;7;21;16;11;5;0;0;0;0;no;no;
Lav;;4;4;2018;12.08.2018;JT;8;;;11,5;8,5;8;8;9;3;0;0;0;0;no;no;
Lav;;4;4;2018;12.08.2018;JT;9;;;13,5;9;20;14;13;5;0;0;0;0;no;no;
Lav;;4;4;2018;12.08.2018;JT;10;;;14;7;9;8;9;4;0;0;0;0;no;no;
Lav;;4;4;2018;12.08.2018;JT;11;;;14,5;6,5;7;8;6;3;0;0;0;0;no;no;
Lav;;4;4;2018;12.08.2018;JT;12;;;16;4;20;6;11;4;0;0;0;0;no;no;top eaten
Lav;;4;4;2018;12.08.2018;JT;13;;;31;1;10;10;8;3;0;0;0;0;no;no;
Lav;;4;5;2018;12.08.2018;EE;1;;;3,5;16;20;6;8;3;0;0;0;0;no;no;
Lav;;4;5;2018;12.08.2018;EE;2;;;4,5;14,5;19;10;10;4;0;0;0;0;no;no;
Lav;;4;5;2018;12.08.2018;EE;3;;;0,5;10,5;9;6;4;2;0;0;0;0;no;no;
Lav;;4;5;2018;12.08.2018;EE;4;;;3;13;25;6;11;4;0;0;0;0;no;no;
Lav;;4;5;2018;12.08.2018;EE;5;;;5;14,5;13;6;8;2;0;0;0;0;no;no;
Lav;;4;5;2018;12.08.2018;EE;6;;;0,5;10;18;6;10;4;0;0;0;0;no;no;
Lav;;4;6;2018;12.08.2018;EE;1;;;5;25;19;8;5;2;0;0;0;0;no;no;
Lav;;4;6;2018;12.08.2018;EE;2;;;5,5;23;92;17;10;4;0;0;2;0;no;no;
Lav;;4;6;2018;12.08.2018;EE;3;;;5;18,5;65;20;15;5;0;0;0;0;no;no;
Lav;;5;1;2018;13.08.2018;JT/EE;1;;;13;7;20;12;9;5;0;0;0;0;no;no;
Lav;;5;2;2018;13.08.2018;EE;1;;;20,5;7;16;8;8;3;0;0;0;0;no;no;
Lav;;5;2;2018;13.08.2018;EE;2;;;20,5;8;10;4;9;4;0;0;0;0;no;no;grazed
Lav;;5;2;2018;13.08.2018;EE;3;;;21;8,5;8;6;4;2;0;0;0;0;no;no;
Lav;;5;2;2018;13.08.2018;EE;4;;;21,5;7,5;9;6;3;2;0;0;0;0;no;no;
Lav;;5;2;2018;13.08.2018;EE;5;;;22,5;8;19;10;8;3;0;0;0;0;no;no;
Lav;;5;2;2018;13.08.2018;EE;6;;;23,5;8,5;21;8;9;4;0;0;0;0;no;no;
Lav;;5;2;2018;13.08.2018;EE;7;;;8;3;25;12;8;3;0;0;0;0;no;no;
Lav;;5;2;2018;13.08.2018;EE;8;;;8;1;10;6;4;2;0;0;0;0;no;no;
Lav;;5;2;2018;13.08.2018;EE;10;;;14;1;10;8;3;2;0;0;0;0;no;no;
Lav;;5;2;2018;13.08.2018;EE;11;;;20;4;45;18;11;5;0;0;0;0;no;no;has roots from stem at 6-7th leaf pairs
Lav;;5;2;2018;13.08.2018;EE;12;;;18;4;10;4;6;4;0;0;0;0;no;no;grazed
Lav;;5;2;2018;13.08.2018;EE;13;;;22;4,5;10;8;8;4;0;0;0;0;no;no;
Lav;;5;2;2018;13.08.2018;EE;14;;;22,5;4;17;8;6;3;0;0;0;0;no;no;
Lav;;5;2;2018;13.08.2018;EE;15;;;23;3;14;6;7;4;0;0;0;0;no;no;
Lav;;5;2;2018;13.08.2018;EE;16;;;22,5;2;18;8;9;4;0;0;0;0;no;no;
Lav;;5;2;2018;13.08.2018;EE;17;;;24;3;18;6;6;4;0;0;0;0;no;no;grazed
Lav;;5;2;2018;13.08.2018;EE;18;7;1;8;3,5;4;4;2;1;0;0;0;0;no;no;new shoot from stem
Lav;;5;3;2018;13.08.2018;EE;1;;;2;21;8;8;3;2;0;0;0;0;no;no;
Lav;;5;3;2018;13.08.2018;EE;2;;;23;11;9;8;5;2;0;0;0;0;no;no;
Lav;;5;3;2018;13.08.2018;EE;3;;;21;12;97;20;12;5;0;0;5;0;no;no;
Lav;;5;3;2018;13.08.2018;EE;4;;;2;8;5;6;3;2;0;0;0;0;no;no;
Lav;;5;3;2018;13.08.2018;EE;5;;;21;5,5;8;4;5;2;0;0;0;0;no;no;
Lav;;5;3;2018;13.08.2018;EE;6;;;3;3,5;19;12;10;4;0;0;0;0;no;no;
Lav;;5;3;2018;13.08.2018;EE;7;6;;3,5;4;6;6;4;2;0;0;0;0;no;no;
Lav;;5;3;2018;13.08.2018;EE;8;;;7;1;6;6;2;2;0;0;0;0;no;no;
Lav;;5;4;2018;13.08.2018;JT;1;;;32,5;20,5;51;12;11;5;0;0;0;0;no;no;
Lav;;5;4;2018;13.08.2018;JT;2;;;2;5,5;20;12;7;4;0;0;0;0;no;no;
Lav;;5;4;2018;13.08.2018;JT;3;;;2;5;90;10;10;5;0;0;2;0;no;no;
Lav;;5;4;2018;13.08.2018;JT;4;;;7;4;14;8;9;4;0;0;0;0;no;no;
Lav;;5;4;2018;13.08.2018;JT;5;;1;22,5;2,5;131;16;11;6;0;0;9;0;no;no;
Lav;;5;4;2018;13.08.2018;JT;6;5;1;23,5;1,5;5;6;5;3;0;0;0;0;no;no;
Lav;;5;4;2018;13.08.2018;JT;7;5;1;23,5;2;5;6;5;3;0;0;0;0;no;no;
Lav;;5;5;2018;13.08.2018;JT;1;;;23;9;54;12;11;5;0;0;0;0;no;no;
Lav;;5;5;2018;13.08.2018;JT;2;;;32,5;3,5;116;10;12;6;0;0;2;0;no;no;
Lav;;5;6;2018;13.08.2018;JT;1;;;24;20,5;22;8;11;4;0;0;0;0;no;no;
Lav;;5;6;2018;13.08.2018;JT;2;;;27,5;23,5;41;16;14;7;0;0;0;0;no;no;
Lav;;5;6;2018;13.08.2018;JT;3;;;32;8;113;10;15;8;0;0;1;0;no;no;
Lav;;5;6;2018;13.08.2018;JT;4;;;27;3,5;123;10;14;7;0;0;2;0;no;no;
Lav;;5;6;2018;13.08.2018;JT;5;;;28,5;4;31;8;10;4;0;0;0;0;no;no;
Lav;;5;6;2018;13.08.2018;JT;6;;;28,5;1;37;14;13;5;0;0;0;0;no;no;
Lav;;6;1;2018;13.08.2018;RG;1;;;11,5;14,5;80;10;11;5;0;0;2;0;no;no;
Lav;;6;1;2018;13.08.2018;RG;2;;;11;13;29;6;10;5;0;0;0;0;no;no;
Lav;;6;1;2018;13.08.2018;RG;3;;;28;14;9;6;4;3;0;0;0;0;no;no;
Lav;;6;1;2018;13.08.2018;RG;4;;;28;12,5;18;8;8;4;0;0;0;0;no;no;
Lav;;6;1;2018;13.08.2018;RG;5;;;29;3,5;4;6;2;1;0;0;0;0;no;no;Small, unsure if Ver_alp or Epi_ana
Lav;;6;2;2018;14.08.2018;JT;1;;;13,5;19,5;6;6;6;3;0;0;0;0;no;no;
Lav;;6;2;2018;14.08.2018;JT;2;;;21;15;8;8;8;3;0;0;0;0;no;no;
Lav;;6;2;2018;14.08.2018;JT;3;;;31,5;20,5;9;8;11;5;0;0;0;0;no;no;
Lav;;6;2;2018;14.08.2018;JT;4;;;31;18;13;8;4;2;0;0;0;0;no;no;
Lav;;6;2;2018;14.08.2018;JT;5;;;35;7;84;12;13;6;0;0;4;0;no;no;
Lav;;6;2;2018;14.08.2018;JT;6;;;13;16;9;8;10;5;0;0;0;0;no;no;
Lav;;6;2;2018;14.08.2018;JT;7;;;20;14,5;8;6;8;3;0;0;0;0;no;no;
Lav;;6;2;2018;14.08.2018;JT;8;;;31,5;7,5;9;8;8;3;0;0;0;0;no;no;
Lav;;6;2;2018;14.08.2018;JT;9;;;34,5;0;84;10;13;7;0;0;1;0;no;no;
Lav;;6;3;2018;14.08.2018;JT/SO;1;;;8,5;23,5;4;4;5;2;0;0;0;0;no;no;
Lav;;6;3;2018;14.08.2018;JT/SO;2;;;25,5;24;14;6;10;4;0;0;0;0;no;no;
Lav;;6;3;2018;14.08.2018;JT/SO;3;;;29;24;17;8;6;4;0;0;0;0;no;no;
Lav;;6;3;2018;14.08.2018;JT/SO;4;;;28;22,5;30;14;14;7;0;0;0;0;no;no;
Lav;;6;3;2018;14.08.2018;JT/SO;5;;;11;0;18;8;10;4;0;0;0;0;no;no;
Lav;;6;4;2018;14.08.2018;JT;1;;;30;22,5;71;14;13;7;0;0;1;0;no;no;
Lav;;6;4;2018;14.08.2018;JT;2;;;31,5;24,5;76;10;13;6;0;0;0;0;no;no;top eaten
Lav;;6;4;2018;14.08.2018;JT;3;;;31,5;22;81;12;10;5;0;0;2;0;no;no;
Lav;;6;4;2018;14.08.2018;JT;4;;;32,5;23;92;16;11;5;0;0;2;0;no;no;
Lav;;6;4;2018;14.08.2018;JT;5;;;16;15;76;22;8;3;0;0;0;0;no;no;
Lav;;6;4;2018;14.08.2018;JT;6;;;18,5;14;10;8;5;3;0;0;0;0;no;no;
Lav;;6;4;2018;14.08.2018;JT;7;;;18;14,5;6;6;4;2;0;0;0;0;no;no;
Lav;;6;4;2018;14.08.2018;JT;8;;;24;5,5;89;15;14;5;0;0;1;0;no;no;
Lav;;6;4;2018;14.08.2018;JT;9;;;25,5;9;97;18;13;6;0;0;6;0;no;no;
Lav;;6;4;2018;14.08.2018;JT;10;;;25;10;10;6;5;3;0;0;0;0;no;no;
Lav;;6;4;2018;14.08.2018;JT;11;;;26,5;10;7;6;5;3;0;0;0;0;no;no;
Lav;;6;4;2018;14.08.2018;JT;12;;;24,5;9;8;8;6;3;0;0;0;0;no;no;
Lav;;6;4;2018;14.08.2018;JT;13;;;33,5;6,5;3;6;6;3;0;0;0;0;no;no;
Lav;;6;5;2018;15.08.2018;RG;1;;;14;22;16;10;11;4;0;0;0;0;no;no;
Lav;;6;5;2018;15.08.2018;RG;2;;;0,5;18;20;10;11;4;0;0;0;0;no;no;
Lav;;6;5;2018;15.08.2018;RG;3;;1;14;18;44;10;12;6;0;0;0;0;no;no;grazed
Lav;;6;5;2018;15.08.2018;RG;4;;1;14,5;16,5;45;8;13;8;0;0;0;0;no;no;grazed
Lav;;6;5;2018;15.08.2018;RG;5;;1;15;17;14;12;10;4;0;0;0;0;no;no;
Lav;;6;5;2018;15.08.2018;RG;6;;;5,5;7;19;14;10;5;0;0;0;0;no;no;
Lav;;6;5;2018;15.08.2018;RG;7;;;32,5;8,5;106;12;11;6;0;0;4;0;no;no;
Lav;;6;5;2018;15.08.2018;RG;8;;;33;9;48;8;10;5;0;0;0;0;no;no;
Lav;;6;6;2018;15.08.2018;EE;1;;;5;23;14;6;11;3;0;0;0;0;no;no;
Lav;;6;6;2018;15.08.2018;EE;2;;;6;22;18;10;12;4;0;0;0;0;no;no;
Lav;;6;6;2018;15.08.2018;EE;3;;;10;20;20;6;9;3;0;0;0;0;no;no;
Lav;;6;6;2018;15.08.2018;EE;4;;;11;21,5;12;10;13;5;0;0;0;0;no;no;
Lav;;6;6;2018;15.08.2018;EE;5;4;;11;23;9;6;9;4;0;0;0;0;no;no;
Lav;;6;6;2018;15.08.2018;EE;6;;;12;22;10;4;9;3;0;0;0;0;no;no;
Lav;;6;6;2018;15.08.2018;EE;7;;;19;21;17;6;8;2;0;0;0;0;no;no;
Lav;;6;6;2018;15.08.2018;EE;8;;;19,5;22,5;7;4;4;2;0;0;0;0;no;no;
Lav;;6;6;2018;15.08.2018;EE;9;;;23;20;8;6;6;2;0;0;0;0;no;no;
Lav;;6;6;2018;15.08.2018;EE;10;;;29;24;34;20;12;6;0;0;0;0;no;no;
Lav;;6;6;2018;15.08.2018;EE;11;;;29,5;24,5;17;8;10;4;0;0;0;0;no;no;
Lav;;6;6;2018;15.08.2018;EE;12;;;29,5;25;5;6;3;1;0;0;0;0;no;no;
Lav;;6;6;2018;15.08.2018;EE;13;;;31;24;32;6;15;7;0;0;0;0;no;no;grazed
Lav;;6;6;2018;15.08.2018;EE;14;;;31;25;6;6;6;3;0;0;0;0;no;no;
Lav;;6;6;2018;15.08.2018;EE;15;;;33;23,5;6;6;4;2;0;0;0;0;no;no;
Lav;;6;6;2018;15.08.2018;EE;16;;;29;5;107;16;13;6;0;0;4;0;no;no;
Lav;;6;6;2018;15.08.2018;EE;17;;;29;1;7;4;3;2;0;0;0;0;no;no;
Lav;;7;1;2018;13.08.2018;RG;1;2;1;12,5;17,5;15;3;4;2;0;0;0;0;no;no;shoot coming from 2
Lav;;7;1;2018;13.08.2018;RG;2;;1;13;18,5;7;4;5;2;0;0;0;0;no;no;
Lav;;7;1;2018;13.08.2018;RG;3;;;13,5;18,5;6;6;6;3;0;0;0;0;no;no;
Lav;;7;1;2018;13.08.2018;RG;4;;2;15;16,5;22;12;7;4;0;0;0;0;no;no;
Lav;;7;1;2018;13.08.2018;RG;5;;2;15,5;16;18;12;8;3;0;0;0;0;no;no;two shoots, hard to seperate
Lav;;7;1;2018;13.08.2018;RG;6;;;16;14;35;16;12;6;0;0;0;0;no;no;
Lav;;7;1;2018;13.08.2018;RG;7;;;16;14,5;4;8;6;2;0;0;0;0;no;no;
Lav;;7;1;2018;13.08.2018;RG;8;;;18;12,5;17;10;8;3;0;0;0;0;no;no;
Lav;;7;1;2018;13.08.2018;RG;9;;;19;14;16;10;6;4;0;0;0;0;no;no;
Lav;;7;1;2018;13.08.2018;RG;10;;;16;11;25;2;9;3;0;0;0;0;no;no;grazed
Lav;;7;1;2018;13.08.2018;RG;11;;;23,5;6;4;8;3;2;0;0;0;0;no;no;
Lav;;7;2;2018;14.08.2018;RG;1;;;18;23;14;6;6;3;0;0;0;0;no;no;
Lav;;7;2;2018;14.08.2018;RG;2;;2?;17;13,5;10;8;6;2;0;0;0;0;no;no;one tiny shoot with two leaves that might develop into a new shoot, lumped together since they are so small
Lav;;7;2;2018;14.08.2018;RG;3;;2?;18;12,5;17;12;7;4;0;0;0;0;no;no;(2,3 and 4 possible the same genet)
Lav;;7;2;2018;14.08.2018;RG;4;;2?;17,5;13,5;10;6;5;2;0;0;0;0;no;no;
Lav;;7;2;2018;14.08.2018;RG;5;;;18,5;14,5;13;10;8;3;0;0;0;0;no;no;
Lav;;7;2;2018;14.08.2018;RG;6;;;10;9;6;8;4;3;0;0;0;0;no;no;
Lav;;7;2;2018;14.08.2018;RG;7;;;10,5;8;18;10;9;4;0;0;0;0;no;no;
Lav;;7;2;2018;14.08.2018;RG;8;;;23,5;8,5;13;6;5;2;0;0;0;0;no;no;
Lav;;7;2;2018;14.08.2018;RG;9;;;30,5;8;11;10;7;3;0;0;0;0;no;no;
Lav;;7;2;2018;14.08.2018;RG;10;;;32,5;6;103;14;12;6;0;0;1;0;no;no;
Lav;;7;2;2018;14.08.2018;RG;11;;;29,5;5;29;14;12;5;0;0;0;0;no;no;
Lav;;7;2;2018;14.08.2018;RG;12;;;31;4;18;6;8;4;0;0;0;0;no;no;
Lav;;7;2;2018;14.08.2018;RG;13;;;15;17;9;6;5;2;0;0;0;0;no;no;
Lav;;7;2;2018;14.08.2018;RG;14;;;18;22;10;4;6;2;0;0;0;0;no;no;
Lav;;7;2;2018;14.08.2018;RG;15;;1;18;21,5;19;6;7;2;0;0;0;0;no;no;
Lav;;7;2;2018;14.08.2018;RG;16;;1?;18,5;20,5;14;2;5;2;0;0;0;0;no;no;
Lav;;7;2;2018;14.08.2018;RG;17;;1;18;21;10;6;4;1;0;0;0;0;no;no;
Lav;;7;3;2018;14.08.2018;RG;1;;;3,5;23;13;12;9;4;0;0;0;0;no;no;
Lav;;7;3;2018;14.08.2018;RG;2;;;3;24;22;10;6;4;0;0;0;0;no;no;tip was wilted/missing
Lav;;7;3;2018;14.08.2018;RG;3;;;4,5;23;9;4;7;2;0;0;0;0;yes;no;
Lav;;7;3;2018;14.08.2018;RG;4;;;2,5;20,5;7;5;4;2;0;0;0;0;yes;no;
Lav;;7;3;2018;14.08.2018;RG;5;;;3,5;21;50;22;9;4;0;0;0;0;no;no;
Lav;;7;3;2018;14.08.2018;RG;6;;;5;19,5;10;6;6;2;0;0;0;0;no;no;
Lav;;7;3;2018;14.08.2018;RG;7;;;2,5;20;14;8;8;2;0;0;0;0;no;no;
Lav;;7;3;2018;14.08.2018;RG;8;;;9,5;23;8;12;7;3;0;0;0;0;no;no;
Lav;;7;3;2018;14.08.2018;RG;9;;;0;18;29;10;6;3;0;0;0;0;no;no;
Lav;;7;3;2018;14.08.2018;RG;10;;;2,5;19;22;14;7;3;0;0;0;0;no;no;most leaves dead
Lav;;7;3;2018;14.08.2018;RG;11;;;4;18;8;6;8;3;0;0;0;0;no;no;
Lav;;7;4;2018;14.08.2018;RG;1;;;19;24,5;11;10;7;3;0;0;0;0;no;no;
Lav;;7;4;2018;14.08.2018;RG;2;;;22,5;23,5;12;8;6;3;0;0;0;0;no;no;
Lav;;7;4;2018;14.08.2018;RG;3;;;27,5;22;13;10;11;4;0;0;0;0;no;no;
Lav;;7;4;2018;14.08.2018;RG;4;;;27;21;5;4;4;2;0;0;0;0;no;no;
Lav;;7;4;2018;14.08.2018;RG;5;;;28;21;5;8;5;3;0;0;0;0;no;no;
Lav;;7;4;2018;14.08.2018;RG;6;;;27,5;22,5;5;6;4;2;0;0;0;0;no;no;
Lav;;7;4;2018;14.08.2018;RG;7;;;1;10,5;9;6;6;3;0;0;0;0;no;no;
Lav;;7;4;2018;14.08.2018;RG;8;;;14;34,5;23;14;9;4;0;0;0;0;no;no;
Lav;;7;4;2018;14.08.2018;RG;9;;;2;8,5;11;6;6;3;0;0;0;0;no;no;
Lav;;7;4;2018;14.08.2018;RG;10;;1;34;6;6;8;6;3;0;0;0;0;no;no;
Lav;;7;4;2018;14.08.2018;RG;11;;1;33,5;4,5;76;14;12;6;0;0;2;0;no;no;
Lav;;7;4;2018;14.08.2018;RG;12;;;34,5;5,5;10;8;6;2;0;0;0;0;no;no;
Lav;;7;4;2018;14.08.2018;RG;13;;;4;4;9;12;11;4;0;0;0;0;no;no;
Lav;;7;4;2018;14.08.2018;RG;14;;;5;4;6;8;7;4;0;0;0;0;no;no;
Lav;;7;4;2018;14.08.2018;RG;15;;;4;2,5;10;9;6;4;0;0;0;0;no;no;
Lav;;7;4;2018;14.08.2018;RG;16;;;5,5;4,5;21;13;12;5;0;0;0;0;no;no;
Lav;;7;4;2018;14.08.2018;RG;17;;;6;5;4;6;5;3;0;0;0;0;no;no;
Ulv;;1;1;2018;02.08.2018;SLO;1;20;1;1,5;21;9;6;6;3;0;0;0;0;no;no;
Ulv;;1;1;2018;02.08.2018;SLO;2;20;1;1;22;11;6;5;3;0;0;0;0;no;no;
Ulv;;1;1;2018;02.08.2018;SLO;3;;;3;22,5;28;2;9;6;0;0;0;0;no;no;top eaten. Leaf eaten
Ulv;;1;1;2018;02.08.2018;SLO;4;;;4;22;10;6;3;2;0;0;0;0;no;no;
Ulv;;1;1;2018;02.08.2018;SLO;5;;;4,5;23;5;4;3;2;0;0;0;0;no;no;very small
Ulv;;1;1;2018;02.08.2018;SLO;6;;;5;22,5;5;6;3;2;0;0;0;0;no;no;very small
Ulv;;1;1;2018;02.08.2018;SLO;7;;;13;20,5;70;10;8;5;0;0;2;0;no;no;
Ulv;;1;1;2018;02.08.2018;SLO;8;;;16,5;24;7;4;7;3;0;0;0;0;no;no;
Ulv;;1;1;2018;02.08.2018;SLO;9;;;22;24;16;6;10;5;0;0;0;0;no;no;
Ulv;;1;1;2018;02.08.2018;SLO;10;;;23;22,5;10;8;10;4;0;0;0;0;no;no;
Ulv;;1;1;2018;02.08.2018;SLO;11;;;23,5;24;8;8;8;5;0;0;0;0;no;no;
Ulv;;1;1;2018;02.08.2018;SLO;12;;;34;23;4;4;3;2;0;0;0;0;no;yes;
Ulv;;1;1;2018;02.08.2018;SLO;13;;;0,5;18;8;4;8;5;0;0;0;0;no;no;
Ulv;;1;1;2018;02.08.2018;SLO;14;;;0;19;5;6;6;3;0;0;0;0;no;no;
Ulv;;1;1;2018;02.08.2018;SLO;15;;;2;13,5;17;6;5;3;0;0;0;0;no;no;
Ulv;;1;1;2018;02.08.2018;SLO;16;;;14;14;45;8;9;4;0;0;2;0;no;no;
Ulv;;1;1;2018;02.08.2018;SLO;17;;;2,5;2,5;10;4;4;2;0;0;0;0;no;yes;
Ulv;;1;1;2018;02.08.2018;SLO;18;;;24;4;30;10;12;5;0;0;0;0;no;no;
Ulv;;1;1;2018;02.08.2018;SLO;19;;;34;2,5;77;6;11;5;0;0;4;0;no;no;
Ulv;;1;1;2018;02.08.2018;SLO;20;;1;2,5;21,5;5;2;4;2;0;0;0;0;no;no;almost dead, mother of 1, possibly 2.
Ulv;;1;2;2018;02.08.2018;RG;1;;;19;20;6;8;9;3;0;0;0;0;no;no;
Ulv;;1;2;2018;02.08.2018;RG;2;;;24,5;12;21;9;8;4;0;0;0;0;no;no;
Ulv;;1;2;2018;02.08.2018;RG;3;;;25,5;10,5;61;7;9;4;0;0;3;0;no;no;leaf withered, measured on one leaf, probably not the longest one
Ulv;;1;2;2018;02.08.2018;RG;4;;;27;9,5;15;10;9;5;0;0;0;0;no;no;
Ulv;;1;2;2018;02.08.2018;RG;5;;1;18,5;0,5;8;6;10;4;0;0;0;0;no;no;
Ulv;;1;2;2018;02.08.2018;RG;6;;1;18;0;8;8;8;4;0;0;0;0;no;no;
Ulv;;1;2;2018;02.08.2018;RG;7;;;25;3;16;3;7;4;0;0;0;0;no;no;grazed
Ulv;;1;3;2018;02.08.2018;RG;1;;;14,5;23,5;7;6;6;2;0;0;0;0;no;no;
Ulv;;1;3;2018;02.08.2018;RG;2;;;18;24;7;8;6;3;0;0;0;0;no;no;
Ulv;;1;3;2018;02.08.2018;RG;3;;;23;22,5;20;8;11;4;0;0;0;0;no;no;
Ulv;;1;3;2018;02.08.2018;RG;4;;;26,5;23;12;4;8;4;0;0;0;0;no;no;grazed
Ulv;;1;3;2018;02.08.2018;RG;5;;;26,5;23,5;14;1;5;2;0;0;0;0;no;no;grazed
Ulv;;1;3;2018;02.08.2018;RG;6;;;27;24;7;8;6;2;0;0;0;0;no;no;
Ulv;;1;3;2018;02.08.2018;RG;7;;;28,5;22,5;7;6;5;2;0;0;0;0;no;no;
Ulv;;1;3;2018;02.08.2018;RG;8;;;34;24,5;12;7;7;2;0;0;0;0;no;no;
Ulv;;1;3;2018;02.08.2018;RG;9;;1;33,5;22,5;4;5;6;2;0;0;0;0;no;no;new stem from 10
Ulv;;1;3;2018;02.08.2018;RG;10;;1;32,5;23;14;2;7;3;0;0;0;0;no;no;grazed
Ulv;;1;3;2018;02.08.2018;RG;11;;;32;20;34;10;11;5;0;0;0;0;no;no;
Ulv;;1;3;2018;02.08.2018;RG;12;;;30,5;20;6;6;5;2;0;0;0;0;no;no;
Ulv;;1;3;2018;02.08.2018;RG;13;;;32;19,5;4;8;6;2;0;0;0;0;no;no;
Ulv;;1;3;2018;02.08.2018;RG;14;;2;23,5;12,5;13;6;7;4;0;0;0;0;no;no;
Ulv;;1;3;2018;02.08.2018;RG;15;;2;25;12,5;16;10;10;4;0;0;0;0;no;no;
Ulv;;1;3;2018;02.08.2018;RG;16;;2;24,5;12;58;10;13;6;0;0;2;0;no;no;4 bottom leaves wilted. 16 starts growing close to 14, but grows on the ground until where the toothpick is placed
Ulv;;1;3;2018;02.08.2018;RG;17;;;26,5;15;51;10;11;4;0;0;0;4;no;no;5 bottom leaves wilted
Ulv;;1;3;2018;02.08.2018;RG;18;;;27,5;13;70;12;12;6;0;0;2;0;no;no;8 leaves wilted
Ulv;;1;3;2018;02.08.2018;RG;19;;;25;15,5;60;6;16;7;0;0;0;0;no;no;grazed
Ulv;;1;4;2018;02.08.2018;SLO;1;;;31,5;19,5;12;4;11;5;0;0;0;0;no;no;top eaten
Ulv;;1;4;2018;02.08.2018;SLO;2;;;26;12,5;18;8;9;3;0;0;0;0;no;no;
Ulv;;1;4;2018;02.08.2018;SLO;3;;;13;4;56;6;7;3;0;0;2;0;no;no;
Ulv;;1;5;2018;02.08.2018;SLO;1;;;18;19,5;101;16;10;4;0;0;5;0;no;no;
Ulv;;1;5;2018;02.08.2018;SLO;2;;;3,5;13,4;28;14;10;4;0;0;0;0;no;no;
Ulv;;1;5;2018;02.08.2018;SLO;3;;;14;12;8;6;7;3;0;0;0;0;no;no;
Ulv;;1;5;2018;02.08.2018;SLO;4;;;14;13;19;8;8;4;0;0;0;0;no;no;
Ulv;;1;6;2018;02.08.2018;SLO;1;;;11;21;12;6;5;3;0;0;0;0;no;no;Same IDG as 1 or 2
Ulv;;1;6;2018;02.08.2018;SLO;2;;;12;21;9;2;3;2;0;0;0;0;no;no;top eaten
Ulv;;1;6;2018;02.08.2018;SLO;3;;;12;12;20;8;10;4;0;0;0;0;no;no;
Ulv;;2;1;2018;01.08.2018;VV;1;;;34;6,5;5;3;11;6;0;0;0;0;no;no;
Ulv;;2;2;2018;02.08.2018;SLO;1;;;1;9,5;17;8;11;5;0;0;0;0;no;no;
Ulv;;2;2;2018;02.08.2018;SLO;2;;;4;8,5;4;6;6;3;0;0;0;0;no;no;
Ulv;;2;2;2018;02.08.2018;SLO;3;;;12;1,5;6;6;6;3;0;0;0;0;no;no;
Ulv;;2;2;2018;02.08.2018;SLO;4;;;11,5;3,5;10;4;7;3;0;0;0;0;no;no;
Ulv;;2;3;2018;02.08.2018;JT;1;;;31;23;50;8;9;5;0;0;0;0;no;no;
Ulv;;2;4;2018;02.08.2018;JT;1;;;11,5;18;6;6;7;4;0;0;0;0;no;no;
Ulv;;2;4;2018;02.08.2018;JT;2;;;27;12,5;90;9;11;5;0;0;0;0;no;no;
Ulv;;2;4;2018;02.08.2018;JT;3;;;16;2;24;8;8;5;0;0;0;0;no;no;
Ulv;;2;4;2018;02.08.2018;JT;4;;;18;2;16;8;8;4;0;0;0;0;no;no;
Ulv;;2;5;2018;02.08.2018;JT;1;;;14,5;17,5;79;8;9;6;0;0;4;0;no;no;
Ulv;;2;5;2018;02.08.2018;JT;2;;;1,5;4;59;8;8;5;0;0;0;0;no;no;
Ulv;;2;5;2018;02.08.2018;JT;3;;;6;1,5;5;6;7;4;0;0;0;0;no;no;
Ulv;;2;5;2018;02.08.2018;JT;4;;;2,5;7,5;16;10;11;4;0;0;0;0;no;no;
Ulv;;2;5;2018;02.08.2018;JT;5;;;1;1;5;8;8;4;0;0;0;0;no;no;
Ulv;;2;5;2018;02.08.2018;JT;6;;;0;1;4;8;7;3;0;0;0;0;no;no;
Ulv;;2;5;2018;02.08.2018;JT;7;;;0;0;7;8;8;4;0;0;0;0;no;no;
Ulv;;3;1;2018;03.08.2018;RG;1;;;14;17,5;12;8;8;4;0;0;0;0;no;no;
Ulv;;3;1;2018;03.08.2018;RG;2;;;13;8;80;14;11;6;0;0;0;0;no;no;wilted leaves measured tge one that was still alive
Ulv;;3;1;2018;03.08.2018;RG;3;;1;15;9;6;8;6;3;0;0;0;0;no;no;
Ulv;;3;1;2018;03.08.2018;RG;4;;1;14,5;8;8;3;8;3;0;0;0;0;no;no;
Ulv;;3;1;2018;03.08.2018;RG;5;;2;22;10;74;9;11;5;0;0;0;0;no;no;wilted leaves measured tge one that was still alive
Ulv;;3;1;2018;03.08.2018;RG;6;5;2;22;9,5;84;12;8;4;0;0;0;0;no;no;wilted leaves measured tge one that was still alive
Ulv;;3;1;2018;03.08.2018;RG;7;;;17,5;6;18;12;10;4;0;0;0;0;no;no;
Ulv;;3;2;2018;02.08.2018;VV;1;;;26;26;90;10;11;6;0;0;4;0;no;no;
Ulv;;3;2;2018;02.08.2018;VV;2;;;26;12;115;11;11;8;0;0;3;0;no;no;
Ulv;;3;2;2018;02.08.2018;VV;3;;;29,5;13;60;10;9;8;0;0;0;0;no;no;
Ulv;;3;2;2018;02.08.2018;VV;4;;;31;15;70;8;9;6;0;0;0;1;no;no;
Ulv;;3;2;2018;02.08.2018;VV;5;;;34;17;30;8;7;3;0;0;0;0;no;no;
Ulv;;3;2;2018;02.08.2018;VV;6;;;29;2,5;40;12;16;6;0;0;0;0;no;no;
Ulv;;3;2;2018;02.08.2018;VV;7;;;34;1;25;8;7;4;0;0;0;0;no;no;
Ulv;;3;3;2018;02.08.2018;VV;1;;;0;21,5;5;6;2;1;0;0;0;0;yes;no;
Ulv;;3;3;2018;02.08.2018;VV;2;;;0;22;4;8;1;1;0;0;0;0;yes;no;
Ulv;;3;3;2018;02.08.2018;VV;3;;;0;23;5;10;2;1;0;0;0;0;yes;no;
Ulv;;3;3;2018;02.08.2018;VV;4;;;4,5;17,5;5;3;1;1;0;0;0;0;yes;no;
Ulv;;3;3;2018;02.08.2018;VV;5;;;14,5;17,5;120;14;15;10;0;0;7;0;no;no;
Ulv;;3;3;2018;02.08.2018;VV;6;;;26;11;15;12;8;4;0;0;0;0;no;no;
Ulv;;3;3;2018;02.08.2018;VV;7;;;21;5;15;7;8;3;0;0;0;0;no;no;
Ulv;;3;3;2018;02.08.2018;VV;8;;;21,5;5,5;25;9;8;4;0;0;0;0;no;no;
Ulv;;3;4;2018;02.08.2018;VV;1;;;4;21,5;70;10;10;6;0;0;2;0;no;no;
Ulv;;3;4;2018;02.08.2018;VV;2;;;6,5;22;5;6;6;3;0;0;0;0;no;no;
Ulv;;3;4;2018;02.08.2018;VV;3;;;4,5;17;10;6;4;3;0;0;0;0;no;no;
Ulv;;3;4;2018;02.08.2018;VV;4;;;4,5;16;25;8;9;3;0;0;0;0;no;no;
Ulv;;3;4;2018;02.08.2018;VV;5;;;3;15;20;2;8;5;0;0;0;0;no;no;grazed
Ulv;;3;4;2018;02.08.2018;VV;6;;;11;14,5;20;6;8;6;0;0;0;0;no;no;
Ulv;;3;4;2018;02.08.2018;VV;7;;;16,5;12,5;35;10;8;6;0;0;0;0;no;no;
Ulv;;3;4;2018;02.08.2018;VV;8;;;20,5;24,5;20;8;3;2;0;0;0;0;no;no;
Ulv;;3;4;2018;02.08.2018;VV;9;;;21,5;24,5;16;8;3;2;0;0;0;0;no;no;
Ulv;;3;4;2018;02.08.2018;VV;10;;;32;14;75;5;9;6;0;0;2;0;no;no;
Ulv;;3;4;2018;02.08.2018;VV;11;;;9,5;14;20;6;8;5;0;0;0;0;no;no;
Ulv;;3;5;2018;03.08.2018;SLO;1;;;2,5;21,5;83;14;11;5;0;0;2;0;no;no;
Ulv;;3;5;2018;03.08.2018;SLO;2;;;19;20,5;32;8;7;5;0;0;0;0;no;no;
Ulv;;3;5;2018;03.08.2018;SLO;3;;;16;14;20;10;8;4;0;0;0;0;no;no;
Ulv;;3;5;2018;03.08.2018;SLO;4;;;21;6;17;8;8;4;0;0;0;0;no;no;
Ulv;;3;5;2018;03.08.2018;SLO;5;;;2;3;114;10;13;6;0;0;5;0;no;no;
Ulv;;3;5;2018;03.08.2018;SLO;6;;;4;4;45;12;10;5;0;0;0;0;no;no;
Ulv;;3;5;2018;03.08.2018;SLO;7;;;8;5;18;8;11;5;0;0;0;0;no;no;
Ulv;;3;5;2018;03.08.2018;SLO;8;;;12;3;12;6;9;4;0;0;0;0;no;no;
Ulv;;3;6;2018;03.08.2018;SLO;1;;1;33;24;90;6;9;5;0;0;3;0;no;no;
Ulv;;3;6;2018;03.08.2018;SLO;2;;;33;21,5;5;6;3;2;0;0;0;0;no;no;
Ulv;;3;6;2018;03.08.2018;SLO;3;;;13;15,5;33;14;12;6;0;0;0;0;no;no;Possible same IDG on 3 and 4
Ulv;;3;6;2018;03.08.2018;SLO;4;;;14;16;9;6;5;3;0;0;0;0;no;no;Possible same IDG on 3 and 4
Ulv;;3;6;2018;03.08.2018;SLO;5;;;6,5;0;18;10;6;3;0;0;0;0;no;no;Possible same IDG on 5, 6 and 7
Ulv;;3;6;2018;03.08.2018;SLO;6;;;6;0,5;6;4;5;3;0;0;0;0;no;no;Possible same IDG on 5, 6 and 7
Ulv;;3;6;2018;03.08.2018;SLO;7;;;6,5;0,5;7;4;4;2;0;0;0;0;no;no;Possible same IDG on 5, 6 and 7
Ulv;;3;6;2018;03.08.2018;SLO;8;1;1;33,5;24;6;4;3;2;0;0;0;0;no;no;
Ulv;;4;1;2018;30.07.2018;JT/VV;1;;;2;20;62;6;8;5;0;0;2;0;no;no;difficult to see, capsules fell off
Ulv;;4;1;2018;30.07.2018;JT/VV;2;;;0,5;14;5;4;4;2;0;0;0;0;no;no;
Ulv;;4;1;2018;30.07.2018;JT/VV;3;;;0,5;13;5;4;7;3;0;0;0;0;no;no;
Ulv;;4;1;2018;30.07.2018;JT/VV;4;;;10;5;73;9;11;7;0;0;0;0;no;no;
Ulv;;4;1;2018;30.07.2018;JT/VV;5;;;17;95;15;1;9;5;0;0;0;0;no;no;
Ulv;;4;3;2018;01.08.2018;VV;1;;;0,5;16;10;4;4;2;0;0;0;0;no;no;These are tiny, unsure if they even are veronicas
Ulv;;4;3;2018;01.08.2018;VV;2;;;0,5;21;5;4;2;1;0;0;0;0;no;no;These are tiny, unsure if they even are veronicas
Ulv;;4;3;2018;01.08.2018;VV;3;;;0,5;23;5;4;1;1;0;0;0;0;no;no;These are tiny, unsure if they even are veronicas
Ulv;;4;5;2018;01.08.2018;RG;1;;;20,5;8,5;12;11;9;3;0;0;0;0;no;no;
Ulv;;4;5;2018;01.08.2018;RG;2;;;20,5;27,5;10;6;12;2;0;0;0;0;no;no;
Ulv;;4;5;2018;01.08.2018;RG;3;;;19;29,5;35;9;11;6;0;0;2;0;no;no;
Ulv;;4;5;2018;01.08.2018;RG;4;;;15,5;28,5;45;6;10;3;0;0;0;0;no;no;
Ulv;;4;5;2018;01.08.2018;RG;5;;;15;31;79;0;0;0;0;0;0;0;no;no;Wilted (impossible to guess leaf an flower)
Ulv;;5;1;2018;01.08.2018;SLO;1;;;22,5;8,5;11;6;9;4;0;0;0;0;no;no;
Ulv;;5;1;2018;01.08.2018;SLO;2;;;16;4;31;2;15;6;0;0;0;0;no;no;top eaten
Ulv;;6;1;2018;01.08.2018;VV;1;;;13;8;2,5;7;8;5;0;0;0;0;no;no;
Ulv;;6;1;2018;01.08.2018;VV;2;;;5;9;60;8;14;7;0;0;0;0;no;no;
Ulv;;6;1;2018;01.08.2018;VV;3;;;23;12,5;35;7;8;5;0;0;0;0;no;no;
Ulv;;6;1;2018;01.08.2018;VV;4;;;1;12;35;8;7;4;0;0;0;0;no;no;
Ulv;;6;2;2018;31.07.2018;OS;1;;;17;13;35;10;15;7;0;0;0;0;no;no;
Ulv;;6;2;2018;31.07.2018;OS;2;;;21;17;27;6;8;3;0;0;0;0;no;no;
Ulv;;6;2;2018;31.07.2018;OS;3;;;21;18;10;4;5;2;0;0;0;0;no;no;
Ulv;;6;2;2018;31.07.2018;OS;4;;;22;19;17;4;6;2;0;0;0;0;no;no;
Ulv;;6;2;2018;31.07.2018;OS;5;;;23;3;18;6;8;4;0;0;0;0;no;no;
Ulv;;6;2;2018;31.07.2018;OS;6;;;25;4;24;6;8;5;0;0;0;0;no;no;
Ulv;;6;2;2018;31.07.2018;OS;7;;;25;3;0;0;0;0;0;0;0;0;no;no;Grazed. Reproductive?
Ulv;;6;2;2018;31.07.2018;OS;8;;;24;7;18;8;9;5;0;0;0;0;no;no;
Ulv;;6;3;2018;01.08.2018;SLO;1;;;32;16;15;6;7;4;0;0;0;0;no;no;1 and 2 close to each other, possible same IDG
Ulv;;6;3;2018;01.08.2018;SLO;2;;;32;15;8;4;7;3;0;0;0;0;no;no;1 and 2 close to each other, possible same IDG
Ulv;;6;3;2018;01.08.2018;SLO;3;;;9,5;11;17;10;8;4;0;0;0;0;no;no;3 and 4 maybe same IDG
Ulv;;6;3;2018;01.08.2018;SLO;4;;;10,5;13;24;8;10;4;0;0;0;0;no;no;3 and 4 maybe same IDG
Ulv;;6;3;2018;01.08.2018;SLO;5;;;25;7;26;6;7;4;0;0;0;0;no;no;Might dissapear with transplant
Ulv;;6;3;2018;01.08.2018;SLO;6;;;7,5;3,5;75;8;12;7;0;0;3;0;no;no;
Ulv;;6;3;2018;01.08.2018;SLO;7;;;23,5;3,5;23;8;7;3;0;0;0;0;no;no;
Ulv;;6;4;2018;01.08.2018;SLO;1;;;23;15,5;28;4;9;4;0;0;0;0;no;no;looks sick
Ulv;;6;4;2018;01.08.2018;SLO;2;;;34,5;16,5;31;8;8;4;0;0;0;0;no;no;2, 3 and 7 might be same IDG
Ulv;;6;4;2018;01.08.2018;SLO;3;;;33,5;15,5;45;10;15;6;0;0;0;0;no;no;2, 3 and 7 might be same IDG
Ulv;;6;4;2018;01.08.2018;SLO;4;;;15;14,5;18;8;5;3;0;0;0;0;no;no;
Ulv;;6;4;2018;01.08.2018;SLO;5;;;26;13;76;10;14;7;0;0;0;0;no;no;top eaten
Ulv;;6;4;2018;01.08.2018;SLO;6;;;29,5;14,5;79;10;11;6;0;0;0;0;no;no;top eaten
Ulv;;6;4;2018;01.08.2018;SLO;7;;;33;14;34;10;10;4;0;0;0;0;no;no;2, 3 and 7 might be same IDG
Ulv;;6;4;2018;01.08.2018;SLO;8;;;1,5;2;35;6;11;6;0;0;0;0;no;no;top eaten
Ulv;;6;5;2018;02.08.2018;RG;1;;;4;13,5;4;6;7;2;0;0;0;0;no;no;
Ulv;;6;5;2018;02.08.2018;RG;2;;;4,5;13,5;17;10;8;5;0;0;0;0;no;no;one leaf wilted
Ulv;;6;5;2018;02.08.2018;RG;3;;1;5,5;13;5;8;7;5;0;0;0;0;no;no;
Ulv;;6;5;2018;02.08.2018;RG;4;;1;5;12;27;7;14;7;0;0;0;0;no;no;grazed, 27 mm, where 5 of 7 leaves wilter
Ulv;;6;5;2018;02.08.2018;RG;5;;;32,5;12;37;12;11;3;0;0;0;0;no;no;2 wilted leaves
Ulv;;6;5;2018;02.08.2018;RG;6;;;33;10,5;11;6;7;3;0;0;0;0;no;no;
Ulv;;6;6;2018;01.08.2018;SLO;1;;;1,5;16;11;8;5;2;0;0;0;0;no;no;
Ulv;;6;6;2018;01.08.2018;SLO;2;;;11;11,5;38;10;10;4;0;0;0;0;no;no;
Ulv;;6;6;2018;01.08.2018;SLO;3;;;2,5;9,5;23;6;10;4;0;0;0;0;no;no;
Ulv;;7;1;2018;01.08.2018;SLO;1;;;3;23,5;48;4;14;9;0;0;0;0;no;no;1 and 2 same IDG, top eaten
Ulv;;7;1;2018;01.08.2018;SLO;2;;;5;23,5;50;8;13;8;0;0;0;0;no;no;1 and 2 same IDG
Ulv;;7;1;2018;01.08.2018;SLO;3;;;15,5;21;26;10;6;3;0;0;0;0;no;no;
Ulv;;7;1;2018;01.08.2018;SLO;4;;;28;22,5;24;10;9;3;0;0;0;0;no;no;
Ulv;;7;1;2018;01.08.2018;SLO;5;;;14;19;62;6;10;4;0;0;1;0;no;no;Same IDG as 3?
Ulv;;7;1;2018;01.08.2018;SLO;6;;;2,5;11,5;16;6;6;3;0;0;0;0;no;no;6 and 7 same IDG
Ulv;;7;1;2018;01.08.2018;SLO;7;;;3;12;18;8;9;3;0;0;0;0;no;no;6 and 7 same IDG
Ulv;;7;1;2018;01.08.2018;SLO;8;;;14;15;35;4;13;5;0;0;0;0;no;no;top eaten
Ulv;;7;1;2018;01.08.2018;SLO;9;;;23,5;8;24;8;8;3;0;0;0;0;no;no;
Ulv;;7;1;2018;01.08.2018;SLO;10;;;8,5;1;24;8;9;4;0;0;0;0;no;no;10, 11 and 12 same IDG
Ulv;;7;1;2018;01.08.2018;SLO;11;;;10;0,5;16;8;9;4;0;0;0;0;no;no;10, 11 and 12 same IDG
Ulv;;7;1;2018;01.08.2018;SLO;12;;;9;0;16;6;6;3;0;0;0;0;no;no;10, 11 and 12 same IDG
Ulv;;7;2;2018;31.07.2018;VV;1;;;22,5;2,5;80;7;15;8;0;0;0;0;no;no;eaten, was probably fertile
Ulv;;7;2;2018;31.07.2018;VV;2;;;25,5;1,5;24;6;5;3;0;0;0;0;no;no;
Ulv;;7;2;2018;31.07.2018;VV;3;;;17,5;22;30;6;8;4;0;0;0;0;no;no;
Ulv;;7;2;2018;31.07.2018;VV;4;;;11,5;24,5;10;4;7;3;0;0;0;0;no;no;
Ulv;;7;2;2018;31.07.2018;VV;5;;;10,5;24,5;25;2;2;1;0;0;0;0;no;no;
Ulv;;7;2;2018;31.07.2018;VV;6;;;9,5;22;105;8;13;7;0;0;0;0;no;no;
Ulv;;7;3;2018;31.07.2018;JT;1;;;25;16,5;23;10;9;4;0;0;0;0;no;no;
Ulv;;7;3;2018;31.07.2018;JT;2;;;30,5;18;12;8;10;5;0;0;0;0;no;no;
Ulv;;7;3;2018;31.07.2018;JT;3;;;26,5;21;31;8;11;5;0;0;0;0;no;no;
Ulv;;7;4;2018;01.08.2018;RG;1;;;26;20;8;4;11;4;0;0;0;0;no;no;
Ulv;;7;4;2018;01.08.2018;RG;2;;;27;20,5;12;4;9;2;0;0;0;0;no;no;
Ulv;;7;4;2018;01.08.2018;RG;3;;1;33;16,5;4;5;7;4;0;0;0;0;no;no;One large one thyat was grazed,two new ones coming
Ulv;;7;4;2018;01.08.2018;RG;4;;1;34,5;17;5;4;6;3;0;0;0;0;no;no;One large one thyat was grazed,two new ones coming
Ulv;;7;4;2018;01.08.2018;RG;5;;;22,5;13,5;20;5;9;4;0;0;0;0;no;no;
Ulv;;7;5;2018;31.07.2018;OS;1;;;18;13;109;10;18;10;0;0;3;0;no;no;
Ulv;;7;5;2018;31.07.2018;OS;2;;;12;14;111;12;14;8;0;0;2;0;no;no;
Ulv;;7;5;2018;31.07.2018;OS;3;;;13;12;106;8;16;8;0;0;3;0;no;no;
Ulv;;7;6;2018;31.07.2018;VV;1;;;9,5;4,5;18;8;7;4;0;0;0;0;no;no;
Ulv;;7;6;2018;31.07.2018;VV;2;;;10;3,5;17;6;7;4;0;0;0;0;no;no;
Ulv;;7;6;2018;31.07.2018;VV;3;;;13,5;2,5;95;9;11;6;0;0;2;1;no;no;
Ulv;;7;6;2018;31.07.2018;VV;4;;;29;3;28;4;8;4;0;0;0;0;no;no;
Ulv;;7;6;2018;31.07.2018;VV;5;;;29;4;18;8;9;4;0;0;0;0;no;no;
Ulv;;7;6;2018;31.07.2018;VV;6;;;22,5;7;12;4;4;3;0;0;0;0;no;no;
Ulv;;7;6;2018;31.07.2018;VV;7;;;22;8;94;9;12;6;0;0;2;1;no;no;
Ulv;;7;6;2018;31.07.2018;VV;8;;;24,5;10;5;2;5;3;0;0;0;0;no;no;
Ulv;;7;6;2018;31.07.2018;VV;9;;;21;13,5;14;2;2;1;0;0;0;0;no;no;
Ulv;;7;6;2018;31.07.2018;VV;10;;;21,5;14;14;6;2;1;0;0;0;0;no;no;
;;;;;;;;;;;;;;;;;;;;;;
;;;;;;;;;;;;;;;;;;;;;;
;;;;;;;;;;;;;;;;;;;;;;
;;;;;;;;;;;;;;;;;;;;;;
;;;;;;;;;;;;;;;;;;;;;;
;;;;;;;;;;;;;;;;;;;;;;
;;;;;;;;;;;;;;;;;;;;;;
;;;;;;;;;;;;;;;;;;;;;;
;;;;;;;;;;;;;;;;;;;;;;
;;;;;;;;;;;;;;;;;;;;;;
;;;;;;;;;;;;;;;;;;;;;;
;;;;;;;;;;;;;;;;;;;;;;
;;;;;;;;;;;;;;;;;;;;;;
;;;;;;;;;;;;;;;;;;;;;;
;;;;;;;;;;;;;;;;;;;;;;
;;;;;;;;;;;;;;;;;;;;;;
;;;;;;;;;;;;;;;;;;;;;;
;;;;;;;;;;;;;;;;;;;;;;
;;;;;;;;;;;;;;;;;;;;;;
;;;;;;;;;;;;;;;;;;;;;;
;;;;;;;;;;;;;;;;;;;;;;
;;;;;;;;;;;;;;;;;;;;;;
;;;;;;;;;;;;;;;;;;;;;;
;;;;;;;;;;;;;;;;;;;;;;
;;;;;;;;;;;;;;;;;;;;;;
;;;;;;;;;;;;;;;;;;;;;;
;;;;;;;;;;;;;;;;;;;;;;
;;;;;;;;;;;;;;;;;;;;;;
;;;;;;;;;;;;;;;;;;;;;;
;;;;;;;;;;;;;;;;;;;;;;
;;;;;;;;;;;;;;;;;;;;;;
;;;;;;;;;;;;;;;;;;;;;;
;;;;;;;;;;;;;;;;;;;;;;
;;;;;;;;;;;;;;;;;;;;;;
;;;;;;;;;;;;;;;;;;;;;;
;;;;;;;;;;;;;;;;;;;;;;
;;;;;;;;;;;;;;;;;;;;;;
;;;;;;;;;;;;;;;;;;;;;;
;;;;;;;;;;;;;;;;;;;;;;
;;;;;;;;;;;;;;;;;;;;;;
;;;;;;;;;;;;;;;;;;;;;;
;;;;;;;;;;;;;;;;;;;;;;
;;;;;;;;;;;;;;;;;;;;;;
;;;;;;;;;;;;;;;;;;;;;;
;;;;;;;;;;;;;;;;;;;;;;
;;;;;;;;;;;;;;;;;;;;;;
;;;;;;;;;;;;;;;;;;;;;;
;;;;;;;;;;;;;;;;;;;;;;
;;;;;;;;;;;;;;;;;;;;;;
;;;;;;;;;;;;;;;;;;;;;;
;;;;;;;;;;;;;;;;;;;;;;
;;;;;;;;;;;;;;;;;;;;;;
;;;;;;;;;;;;;;;;;;;;;;
;;;;;;;;;;;;;;;;;;;;;;
;;;;;;;;;;;;;;;;;;;;;;
;;;;;;;;;;;;;;;;;;;;;;
;;;;;;;;;;;;;;;;;;;;;;
;;;;;;;;;;;;;;;;;;;;;;
;;;;;;;;;;;;;;;;;;;;;;
;;;;;;;;;;;;;;;;;;;;;;
;;;;;;;;;;;;;;;;;;;;;;
;;;;;;;;;;;;;;;;;;;;;;
;;;;;;;;;;;;;;;;;;;;;;
;;;;;;;;;;;;;;;;;;;;;;
;;;;;;;;;;;;;;;;;;;;;;
;;;;;;;;;;;;;;;;;;;;;;
;;;;;;;;;;;;;;;;;;;;;;
;;;;;;;;;;;;;;;;;;;;;;
;;;;;;;;;;;;;;;;;;;;;;
;;;;;;;;;;;;;;;;;;;;;;
;;;;;;;;;;;;;;;;;;;;;;
;;;;;;;;;;;;;;;;;;;;;;
